 -5.40 -28.23 -46.78
 -5.23 -28.46 -46.84
 -5.09 -28.70 -46.84
 -5.00 -28.94 -46.77
 -4.96 -29.17 -46.67
 -4.91 -29.36 -46.54
 -4.91 -29.36 -46.54
 -4.17 -29.85 -45.91
 -4.09 -29.82 -45.97
 -4.04 -29.77 -46.04
 -4.10 -29.69 -46.09
 -4.22 -29.61 -46.13
 -4.33 -29.53 -46.18
 -4.41 -29.51 -46.21
 -4.46 -29.56 -46.20
 -4.48 -29.68 -46.15
 -4.49 -29.85 -46.08
 -4.50 -30.03 -46.01
 -4.51 -30.20 -45.94
 -4.54 -30.36 -45.87
 -4.59 -30.53 -45.78
 -4.69 -30.72 -45.65
 -4.69 -30.72 -45.65
 16.77 -23.95 -19.89
 17.63 -22.77 -19.33
 18.33 -21.64 -18.86
 18.83 -20.55 -18.47
 19.09 -19.47 -18.15
 19.11 -18.34 -17.86
 19.03 -17.12 -17.60
 18.98 -15.83 -17.35
 18.98 -14.52 -17.12
 18.98 -13.30 -16.94
 18.94 -12.25 -16.83
 18.87 -11.38 -16.81
 18.79 -10.60 -16.85
 18.70 -9.81 -16.94
 18.61 -8.95 -17.10
 18.61 -8.95 -17.10
 21.43 17.38 -33.42
 21.69 17.54 -34.31
 21.93 17.64 -35.20
 22.18 17.67 -36.07
 22.45 17.63 -36.92
 22.73 17.55 -37.78
 23.03 17.43 -38.65
 23.38 17.31 -39.50
 23.76 17.16 -40.34
 24.05 16.94 -41.20
 24.23 16.66 -42.09
 24.31 16.31 -43.01
 24.29 15.94 -43.94
 24.23 15.56 -44.85
 24.25 15.24 -45.69
 24.41 14.98 -46.42
 24.41 14.98 -46.42
 20.08 -18.63 -67.61
 19.47 -20.24 -67.07
 18.77 -21.77 -66.45
 18.05 -23.26 -65.83
 17.30 -24.71 -65.19
 16.55 -26.09 -64.51
 15.86 -27.39 -63.80
 15.25 -28.59 -63.00
 14.68 -29.69 -62.10
 14.16 -30.69 -61.11
 13.64 -31.59 -60.03
 13.03 -32.38 -58.87
 12.33 -33.07 -57.65
 11.59 -33.69 -56.41
 10.93 -34.24 -55.12
 10.93 -34.24 -55.12
 4.90 -34.30 -38.26
 4.89 -34.30 -38.27
 4.88 -34.33 -38.31
 4.88 -34.37 -38.34
 4.86 -34.40 -38.35
 4.84 -34.40 -38.34
 4.81 -34.39 -38.29
 4.76 -34.37 -38.24
 4.72 -34.36 -38.20
 4.69 -34.34 -38.20
 4.66 -34.31 -38.21
 4.64 -34.27 -38.23
 4.62 -34.25 -38.27
 4.61 -34.23 -38.31
 4.62 -34.21 -38.36
 4.63 -34.19 -38.40
 4.63 -34.19 -38.40
 5.24 -33.81 -38.88
 5.29 -33.83 -38.88
 5.34 -33.84 -38.89
 5.41 -33.84 -38.90
 5.47 -33.84 -38.93
 5.51 -33.84 -38.96
 5.54 -33.83 -39.00
 5.55 -33.81 -39.03
 5.54 -33.80 -39.06
 5.53 -33.80 -39.07
 5.50 -33.80 -39.08
 5.46 -33.80 -39.09
 5.43 -33.81 -39.10
 5.41 -33.83 -39.11
 5.40 -33.84 -39.12
 5.42 -33.85 -39.14
 5.42 -33.85 -39.14
 5.35 -32.41 -40.41
 5.35 -32.46 -40.44
 5.33 -32.50 -40.46
 5.31 -32.52 -40.47
 5.30 -32.54 -40.48
 5.28 -32.55 -40.49
 5.27 -32.57 -40.48
 5.26 -32.60 -40.48
 5.26 -32.64 -40.47
 5.27 -32.68 -40.45
 5.30 -32.72 -40.45
 5.33 -32.76 -40.45
 5.37 -32.79 -40.47
 5.40 -32.81 -40.48
 5.42 -32.80 -40.48
 5.42 -32.79 -40.46
 5.42 -32.79 -40.46
 6.15 -33.10 -40.40
 6.18 -33.15 -40.41
 6.18 -33.19 -40.44
 6.18 -33.22 -40.46
 6.18 -33.22 -40.47
 6.18 -33.22 -40.47
 6.18 -33.20 -40.46
 6.17 -33.19 -40.45
 6.18 -33.19 -40.45
 6.18 -33.19 -40.44
 6.21 -33.21 -40.44
 6.24 -33.24 -40.44
 6.28 -33.29 -40.45
 6.30 -33.33 -40.46
 6.31 -33.36 -40.47
 6.31 -33.36 -40.47
 6.61 -33.55 -40.61
 6.61 -33.55 -40.59
 6.62 -33.55 -40.58
 6.64 -33.56 -40.58
 6.66 -33.58 -40.58
 6.68 -33.60 -40.59
 6.70 -33.62 -40.60
 6.72 -33.63 -40.61
 6.72 -33.63 -40.61
 6.81 -33.76 -40.64
 6.82 -33.76 -40.63
