 -0.75 0.88 14.76
 -0.12 0.71 14.32
 -0.08 0.73 14.32
 -0.04 0.75 14.33
 -0.06 0.73 14.32
 -0.08 0.72 14.32
 -0.07 0.73 14.32
 -0.07 0.73 14.32
 -0.07 0.72 14.32
 -0.07 0.72 14.32
 -0.07 0.72 14.32
 -0.07 0.71 14.32
 -0.08 0.70 14.32
 -0.09 0.70 14.32
 -0.08 0.70 14.32
 -0.07 0.70 14.32
 -0.07 0.70 14.32
 -0.08 0.70 14.32
 -0.08 0.70 14.32
 -0.11 0.59 14.31
 -0.05 0.58 14.31
 -0.01 0.59 14.31
 0.01 0.61 14.31
 0.01 0.61 14.31
 0.02 0.61 14.31
 0.01 0.61 14.31
 0.01 0.62 14.31
 0.00 0.62 14.30
 -0.00 0.62 14.30
 -0.00 0.61 14.30
 0.01 0.60 14.30
 0.02 0.59 14.30
 0.03 0.58 14.30
 0.03 0.58 14.30
 0.02 0.57 14.30
 0.00 0.56 14.30
 -0.02 0.55 14.30
 -0.02 0.55 14.30
 -0.30 0.57 14.10
 -0.35 0.49 13.79
 -0.37 0.48 13.34
 -0.36 0.46 12.80
 -0.33 0.38 12.23
 -0.32 0.21 11.71
 -0.40 -0.06 11.23
 -0.66 -0.47 10.75
 -1.13 -1.05 10.30
 -1.74 -1.84 9.84
 -2.34 -2.71 9.33
 -2.89 -3.38 8.76
 -3.50 -4.10 8.17
 -4.09 -4.81 7.57
 -4.58 -5.53 6.93
 -4.96 -6.30 6.28
 -5.22 -7.11 5.63
 -5.22 -7.11 5.63
 0.53 -33.77 23.06
 0.66 -32.30 23.42
 0.68 -30.77 23.72
 0.62 -29.18 23.96
 0.64 -27.56 24.07
 0.90 -25.98 24.09
 1.37 -24.51 24.13
 1.93 -23.18 24.22
 2.38 -21.98 24.28
 2.51 -20.85 24.19
 2.19 -19.72 23.88
 1.42 -18.58 23.33
 0.37 -17.47 22.60
 -0.83 -16.40 21.78
 -2.08 -15.40 20.94
 -3.31 -14.48 20.08
 -3.31 -14.48 20.08
 -2.08 -16.05 -9.87
 -1.93 -17.37 -10.07
 -1.97 -18.73 -10.15
 -2.11 -20.14 -10.10
 -2.36 -21.60 -9.85
 -2.65 -23.11 -9.33
 -2.89 -24.64 -8.53
 -2.93 -26.16 -7.56
 -2.74 -27.61 -6.57
 -2.41 -28.93 -5.67
 -2.02 -30.06 -4.86
 -1.66 -30.94 -4.08
 -1.38 -31.59 -3.24
 -1.16 -32.05 -2.27
 -0.90 -32.43 -1.16
 -0.90 -32.43 -1.16
 6.19 -36.31 8.42
 6.14 -36.36 8.39
 6.12 -36.41 8.33
 6.11 -36.43 8.25
 6.11 -36.43 8.17
 6.13 -36.41 8.09
 6.16 -36.39 8.01
 6.17 -36.38 7.97
 6.17 -36.38 7.93
 6.14 -36.42 7.91
 6.09 -36.48 7.90
 6.04 -36.53 7.89
 6.00 -36.58 7.85
 5.96 -36.59 7.78
 5.93 -36.56 7.71
 5.91 -36.52 7.65
 5.94 -36.47 7.61
 5.94 -36.47 7.61
 6.59 -36.57 7.19
 6.61 -36.57 7.18
 6.67 -36.56 7.18
 6.74 -36.54 7.17
 6.81 -36.53 7.16
 6.87 -36.54 7.14
 6.91 -36.57 7.13
 6.95 -36.62 7.12
 6.98 -36.66 7.10
 7.02 -36.69 7.08
 7.05 -36.70 7.06
 7.08 -36.69 7.05
 7.09 -36.68 7.05
 7.09 -36.68 7.06
 7.09 -36.70 7.08
 7.08 -36.75 7.08
 7.07 -36.79 7.07
 7.07 -36.79 7.07
 8.01 -37.08 6.47
 8.07 -37.10 6.44
 8.11 -37.11 6.42
 8.15 -37.12 6.38
 8.18 -37.12 6.34
 8.20 -37.12 6.32
 8.20 -37.14 6.30
 8.21 -37.17 6.29
 8.23 -37.21 6.29
 8.24 -37.25 6.29
 8.26 -37.28 6.27
 8.28 -37.30 6.25
 8.30 -37.33 6.22
 8.32 -37.35 6.20
 8.35 -37.38 6.18
 8.38 -37.39 6.17
 8.41 -37.40 6.16
 8.41 -37.40 6.16
 9.20 -37.47 6.11
 9.24 -37.47 6.10
 9.27 -37.46 6.10
 9.27 -37.46 6.10
 9.26 -37.46 6.11
 9.25 -37.47 6.11
 9.24 -37.48 6.10
