 -0.57 2.43 0.27
 -0.57 2.41 0.05
 -0.27 2.22 -0.08
 -0.25 2.21 -0.10
 -0.36 2.22 -0.11
 -0.33 2.19 -0.13
 -0.33 2.17 -0.18
 -0.30 2.16 -0.28
 -0.26 2.16 -0.42
 -0.26 2.20 -0.59
 -0.28 2.19 -0.72 -11.18 -21.41 -36.65
 -10.72 -21.18 -36.66
 -11.15 -20.78 -36.27
 -11.73 -20.12 -35.81
 -11.96 -19.29 -35.48
 -11.81 -18.42 -35.33
 -11.55 -17.66 -35.30
 -11.28 -17.08 -35.32
 -10.80 -16.65 -35.45
 -9.94 -16.31 -35.79
 -8.95 -16.00 -36.30
 -8.11 -15.73 -36.89
 -8.11 -15.73 -36.89
 -3.65 -18.57 -41.60
 -3.77 -19.03 -41.44
 -3.98 -19.24 -41.21
 -4.66 -19.45 -40.75
 -5.53 -19.75 -40.14
 -6.24 -20.09 -39.46
 -6.74 -20.48 -38.74
 -7.02 -20.85 -37.97
 -7.13 -21.30 -37.21
 -7.09 -21.90 -36.48
 -6.91 -22.67 -35.85
 -6.63 -23.57 -35.32
 -6.31 -24.27 -35.04
 -6.10 -24.72 -34.95
 -6.09 -25.10 -34.94
 -6.09 -25.10 -34.94
 -2.42 -29.46 -15.34
 -0.79 -28.30 -14.17
 0.69 -27.34 -13.02
 2.01 -26.50 -12.01
 3.23 -25.67 -11.25
 4.30 -24.76 -10.67
 5.05 -23.71 -10.20
 5.31 -22.50 -9.79
 5.14 -21.19 -9.48
 4.75 -19.80 -9.33
 4.35 -18.39 -9.36
 4.13 -16.99 -9.56
 4.08 -15.64 -9.88
 4.04 -14.38 -10.16
 4.24 -13.20 -10.38
 4.45 -12.15 -10.46
 4.45 -12.15 -10.46
 10.97 21.17 -23.63
 11.55 21.26 -24.35
 12.13 21.26 -25.15
 12.74 21.19 -26.04
 13.43 21.08 -27.02
 14.20 20.94 -28.08
 14.97 20.77 -29.21
 15.67 20.56 -30.40
 16.34 20.30 -31.61
 17.00 19.98 -32.84
 17.66 19.60 -34.11
 18.32 19.16 -35.43
 18.94 18.69 -36.75
 19.58 18.19 -38.03
 20.23 17.61 -39.24
 20.94 16.93 -40.43
 20.94 16.93 -40.43
 17.16 -26.90 -68.28
 16.16 -27.70 -67.00
 15.13 -28.44 -65.64
 14.01 -29.10 -64.25
 12.80 -29.69 -62.85
 11.54 -30.22 -61.47
 10.25 -30.70 -60.09
 9.02 -31.13 -58.72
 7.92 -31.58 -57.36
 7.01 -32.04 -55.94
 6.30 -32.53 -54.45
 5.79 -33.07 -52.87
 5.43 -33.62 -51.29
 5.15 -34.17 -49.81
 4.85 -34.68 -48.51
 4.85 -34.68 -48.51
 -2.82 -32.22 -35.09
 -2.78 -32.23 -35.14
 -2.72 -32.23 -35.19
 -2.65 -32.21 -35.24
 -2.61 -32.19 -35.29
 -2.60 -32.15 -35.32
 -2.63 -32.11 -35.35
 -2.66 -32.06 -35.39
 -2.68 -32.03 -35.42
 -2.68 -32.02 -35.44
 -2.64 -32.01 -35.48
 -2.54 -32.00 -35.52
 -2.41 -31.97 -35.57
 -2.27 -31.93 -35.62
 -2.11 -31.86 -35.68
 -2.11 -31.86 -35.68
 -1.35 -31.19 -35.90
 -1.36 -31.19 -35.87
 -1.35 -31.20 -35.83
 -1.32 -31.21 -35.78
 -1.29 -31.24 -35.75
 -1.27 -31.26 -35.72
 -1.27 -31.28 -35.70
 -1.28 -31.29 -35.68
 -1.31 -31.29 -35.66
 -1.33 -31.29 -35.64
 -1.34 -31.29 -35.61
 -1.33 -31.29 -35.58
 -1.32 -31.28 -35.54
 -1.31 -31.26 -35.51
 -1.29 -31.23 -35.49
 -1.29 -31.23 -35.49
 -0.68 -31.22 -34.87
 -0.71 -31.24 -34.83
 -0.73 -31.28 -34.80
 -0.72 -31.33 -34.79
 -0.72 -31.39 -34.79
 -0.74 -31.44 -34.81
 -0.79 -31.48 -34.82
 -0.86 -31.50 -34.83
 -0.92 -31.51 -34.83
 -0.97 -31.51 -34.84
 -1.01 -31.52 -34.84
 -1.05 -31.53 -34.83
 -1.08 -31.53 -34.82
 -1.10 -31.53 -34.82
 -1.12 -31.53 -34.83
 -1.12 -31.53 -34.83
 -1.01 -31.83 -35.17
 -1.04 -31.83 -35.19
 -1.06 -31.83 -35.19
 -1.07 -31.82 -35.19
 -1.08 -31.80 -35.18
 -1.10 -31.79 -35.18
 -1.12 -31.77 -35.19
 -1.14 -31.75 -35.21
 -1.17 -31.75 -35.21
 -1.21 -31.74 -35.21
 -1.24 -31.74 -35.19
 -1.27 -31.73 -35.16
 -1.30 -31.71 -35.12
 -1.34 -31.68 -35.07
 -1.37 -31.65 -35.03
 -1.37 -31.65 -35.03
 -1.09 -31.57 -35.38
 -1.10 -31.56 -35.38
 -1.08 -31.55 -35.39
 -1.06 -31.55 -35.39
 -1.05 -31.55 -35.39
 -1.04 -31.57 -35.40
 -1.04 -31.59 -35.41

 -0.29 2.19 -0.76
 -0.29 2.17 -0.76
 -0.28 2.16 -0.76
 -0.28 2.14 -0.76
 -0.28 2.14 -0.76
 -0.20 1.63 -0.76
 -0.20 1.61 -0.76
 -0.20 1.60 -0.76
 -0.19 1.59 -0.76
 -0.19 1.57 -0.76
 -0.19 1.56 -0.76
 -0.19 1.55 -0.76
 -0.19 1.54 -0.76
 -0.22 1.55 -0.93
 -0.01 1.51 -1.38
 0.06 1.47 -1.96
 0.09 1.48 -2.50
 0.35 1.37 -3.04
 0.84 1.18 -3.65
 1.72 1.04 -4.23
 3.22 1.02 -4.66
 4.50 0.76 -5.08
 5.61 0.33 -5.49
 5.61 0.33 -5.49
 13.70 3.93 -2.91
 13.50 3.87 -2.68
 13.18 3.81 -2.41
 12.81 3.77 -2.18
 12.51 3.70 -1.98
 12.27 3.57 -1.85
 12.05 3.40 -1.77
 11.88 3.17 -1.70
 11.75 2.80 -1.68
 11.62 2.33 -1.74
 11.42 1.82 -1.88
 11.20 1.33 -2.02
 10.98 0.86 -2.15
 10.80 0.36 -2.31
 10.64 -0.12 -2.48
 10.54 -0.69 -2.58
 10.34 -1.36 -2.67
 10.34 -1.36 -2.67
 5.54 -3.63 -9.93
 5.29 -3.42 -10.05
 5.12 -3.16 -10.18
 4.99 -2.88 -10.33
 4.85 -2.59 -10.47
 4.66 -2.36 -10.59
 4.33 -2.17 -10.73
 3.99 -1.99 -10.85
 3.69 -1.87 -10.94
 3.38 -1.76 -10.97
 3.13 -1.66 -10.95
 2.96 -1.56 -10.87
 2.86 -1.46 -10.75
 2.83 -1.36 -10.60
 2.87 -1.24 -10.43
 2.95 -1.10 -10.26
 2.95 -1.10 -10.26
 2.21 -0.99 -3.33
 2.01 -1.19 -3.60
 1.74 -1.44 -3.80
 1.39 -1.76 -3.90
 0.88 -2.13 -3.86
 1.77 0.58 -2.59
 0.55 0.78 -2.35
 -0.12 0.43 -2.07
 0.26 0.86 -1.67
 0.63 1.05 -1.41
 0.90 1.14 -1.24
 1.01 1.16 -1.13
 1.07 1.09 -1.04
 1.05 0.95 -0.98
 0.91 0.79 -0.97
 0.82 0.69 -1.01
 0.77 0.61 -1.06
 0.75 0.56 -1.15
 0.75 0.56 -1.15
 0.75 0.54 -2.49
 0.74 0.54 -2.49
 0.74 0.53 -2.49
 0.73 0.53 -2.49
 0.72 0.52 -2.49
 0.72 0.52 -2.49
 0.71 0.51 -2.49
 0.70 0.51 -2.49
 0.69 0.50 -2.49
 0.69 0.50 -2.49
 0.68 0.49 -2.49
 0.68 0.49 -2.49
 0.67 0.48 -2.50
 0.67 0.48 -2.50
 0.66 0.47 -2.50
 0.66 0.47 -2.50
 0.65 0.47 -2.50
 0.65 0.46 -2.49
 0.65 0.46 -2.49
 0.49 0.77 -2.50
 0.49 0.76 -2.50
 0.48 0.75 -2.50
 0.48 0.75 -2.50
 0.48 0.74 -2.50
 0.48 0.73 -2.50
 0.47 0.73 -2.50
 0.47 0.72 -2.50
 0.46 0.71 -2.50
 0.46 0.71 -2.50
 0.45 0.70 -2.50
 0.45 0.70 -2.50
 0.44 0.69 -2.50
 0.44 0.69 -2.50
 0.43 0.68 -2.50
 0.42 0.67 -2.50
 0.42 0.67 -2.50
 0.42 0.66 -2.50
 0.42 0.66 -2.50
 0.30 0.49 -2.50
 0.30 0.48 -2.50
 0.30 0.48 -2.50
 0.29 0.47 -2.50
 0.29 0.47 -2.50
 0.29 0.47 -2.50
 0.28 0.46 -2.50
 0.28 0.46 -2.50
 0.28 0.45 -2.50
 0.27 0.45 -2.50
 0.27 0.44 -2.50
 0.27 0.44 -2.51
 0.26 0.43 -2.51
 0.26 0.43 -2.51
 0.26 0.43 -2.51
 0.25 0.42 -2.51
 0.25 0.42 -2.51
 0.25 0.42 -2.51
 0.25 0.42 -2.51
 0.18 0.30 -2.51
 0.17 0.29 -2.51
 0.17 0.29 -2.51
 0.17 0.29 -2.51
