 2.53 2.59 27.84
 -10.52 -29.15 8.54
 -10.08 -28.92 8.29
 -9.87 -28.58 8.11
 -10.17 -28.21 8.29
 -10.89 -27.84 8.88
 -11.58 -27.35 9.67
 -12.28 -26.80 10.43
 -12.99 -26.30 11.14
 -13.67 -25.80 11.80
 -14.19 -25.29 12.28
 -14.58 -24.77 12.54
 -14.95 -24.25 12.60
 -15.30 -23.75 12.50
 -15.54 -23.26 12.27
 -15.70 -22.79 12.00
 -15.70 -22.79 12.00
 -12.81 -27.26 12.68
 -12.71 -27.86 12.84
 -12.62 -28.50 12.99
 -12.63 -29.12 13.18
 -12.73 -29.72 13.46
 -12.85 -30.26 13.81
 -12.97 -30.74 14.23
 -13.07 -31.18 14.72
 -13.20 -31.60 15.29
 -13.35 -32.04 15.99
 -13.48 -32.48 16.78
 -13.52 -32.93 17.63
 -13.37 -33.34 18.46
 -13.00 -33.68 19.21
 -12.49 -33.97 19.88
 -12.49 -33.97 19.88
 -2.21 -7.41 40.14
 -2.51 -6.38 39.93
 -2.84 -5.27 39.69
 -3.09 -4.14 39.42
 -3.29 -2.96 39.16
 -3.45 -1.66 38.96
 -3.63 -0.27 38.83
 -3.94 1.10 38.76
 -4.41 2.34 38.67
 -4.98 3.42 38.49
 -5.56 4.32 38.22
 -6.06 5.15 37.89
 -6.50 6.00 37.52
 -6.91 6.90 37.16
 -7.35 7.84 36.81
 -7.78 8.78 36.50
 -8.24 9.69 36.18
 -8.24 9.69 36.18
 -1.52 17.03 5.49
 -0.84 15.93 4.26
 -0.16 14.79 3.06
 0.57 13.62 1.98
 1.25 12.41 1.04
 1.82 11.17 0.26
 2.34 9.85 -0.40
 2.75 8.48 -0.99
 3.02 7.05 -1.54
 3.16 5.58 -2.04
 3.18 4.08 -2.49
 3.16 2.57 -2.87
 3.18 1.02 -3.19
 3.23 -0.60 -3.46
 3.29 -2.28 -3.67
 3.39 -4.01 -3.80
 3.58 -5.76 -3.85
 3.75 -7.48 -3.84
 3.75 -7.48 -3.84
 12.17 -47.74 19.91
 11.99 -47.32 20.15
 11.84 -46.92 20.34
 11.73 -46.54 20.45
 11.62 -46.21 20.53
 11.46 -45.95 20.59
 11.26 -45.81 20.63
 11.04 -45.75 20.65
 10.82 -45.74 20.66
 10.61 -45.69 20.71
 10.43 -45.63 20.77
 10.31 -45.58 20.76
 10.17 -45.55 20.73
 9.97 -45.56 20.67
 9.72 -45.61 20.60
 9.44 -45.65 20.54
 9.44 -45.65 20.54
 6.88 -44.66 19.72
 6.88 -44.64 19.71
 6.89 -44.60 19.74
 6.92 -44.54 19.78
 6.95 -44.48 19.82
 6.98 -44.41 19.86
 7.01 -44.36 19.89
 7.03 -44.32 19.91
 7.04 -44.29 19.93
 7.04 -44.27 19.96
 7.04 -44.24 19.98
 7.04 -44.21 19.99
 7.04 -44.17 20.00
 7.03 -44.13 19.99
 7.01 -44.07 19.99
 6.99 -44.00 19.99
 6.98 -43.92 20.01
 6.98 -43.92 20.01
 7.70 -43.01 20.01
 7.68 -42.95 20.01
 7.64 -42.91 19.99
 7.60 -42.88 19.98
 7.55 -42.86 19.96
 7.52 -42.86 19.96
 7.50 -42.85 19.97
 7.49 -42.85 19.98
 7.49 -42.85 19.99
 7.51 -42.85 20.00
 7.53 -42.83 20.00
 7.54 -42.80 20.01
 7.55 -42.77 20.02
 7.57 -42.74 20.02
 7.58 -42.72 20.02
 7.58 -42.72 20.01
 7.58 -42.72 20.01
 7.62 -42.09 19.84
 7.63 -42.09 19.82
 7.62 -42.10 19.79
 7.61 -42.10 19.77
 7.59 -42.11 19.76
 7.57 -42.10 19.76
 7.56 -42.09 19.76
 7.56 -42.07 19.76
 7.55 -42.05 19.77
 7.54 -42.03 19.79
 7.54 -42.01 19.80
 7.55 -41.99 19.79
 7.54 -41.99 19.76
 7.53 -41.99 19.73
 7.52 -42.00 19.71
 7.52 -41.99 19.70
 7.52 -41.99 19.70
 7.63 -41.90 19.58
 7.63 -41.91 19.58
 7.63 -41.91 19.59
 7.64 -41.92 19.60
 7.66 -41.91 19.61
 7.68 -41.90 19.61
 7.70 -41.89 19.62
 7.72 -41.89 19.63
 7.71 -41.89 19.64
 7.69 -41.89 19.64
 7.67 -41.91 19.64
