 0.65 -20.54 13.64
 0.69 -20.61 13.65
 0.74 -20.68 13.64
 0.79 -20.75 13.64
 0.83 -20.79 13.62
 0.86 -20.82 13.60
 0.88 -20.82 13.57
 0.90 -20.81 13.56
 0.91 -20.79 13.55
 0.93 -20.76 13.55
 0.97 -20.72 13.53
 1.03 -20.67 13.51
 1.09 -20.62 13.49
 1.16 -20.55 13.50
 1.22 -20.48 13.53
 1.29 -20.38 13.57
 1.29 -20.38 13.57
 10.09 -23.02 12.78
 9.86 -23.40 12.80
 9.57 -23.79 12.77
 9.22 -24.18 12.69
 8.84 -24.55 12.57
 8.48 -24.89 12.40
 8.17 -25.20 12.18
 7.93 -25.48 11.93
 7.72 -25.74 11.68
 7.50 -25.96 11.44
 7.24 -26.16 11.18
 6.98 -26.37 10.90
 6.69 -26.60 10.60
 6.41 -26.86 10.30
 6.16 -27.19 10.02
 5.88 -27.56 9.79
 5.88 -27.56 9.79
 10.90 -27.82 38.81
 11.67 -25.58 39.05
 12.13 -23.36 39.33
 12.38 -21.23 39.63
 12.46 -19.25 39.94
 12.38 -17.41 40.29
 12.19 -15.70 40.64
 12.01 -14.05 40.96
 11.97 -12.42 41.19
 12.14 -10.79 41.34
 12.44 -9.13 41.44
 12.73 -7.45 41.53
 12.94 -5.79 41.60
 13.02 -4.21 41.63
 13.04 -2.74 41.60
 13.04 -1.41 41.45
 13.04 -1.41 41.45
 13.01 -0.13 10.37
 13.12 -0.84 9.43
 13.20 -1.66 8.55
 13.24 -2.67 7.67
 13.24 -3.94 6.76
 13.28 -5.48 5.81
 13.49 -7.27 4.80
 13.88 -9.27 3.73
 14.45 -11.40 2.60
 15.23 -13.63 1.41
 16.12 -15.93 0.17
 16.88 -18.28 -1.01
 17.42 -20.66 -2.07
 17.71 -23.04 -2.92
 17.73 -25.39 -3.48
 17.55 -27.67 -3.71
 17.19 -29.85 -3.57
 17.19 -29.85 -3.57
 20.98 -56.67 24.46
 20.74 -56.37 24.61
 20.49 -56.05 24.75
 20.23 -55.74 24.90
 19.98 -55.46 25.00
 19.74 -55.23 25.06
 19.51 -55.05 25.10
 19.27 -54.90 25.12
 19.02 -54.76 25.14
 18.77 -54.61 25.16
 18.55 -54.44 25.19
 18.34 -54.25 25.24
 18.15 -54.03 25.32
 17.96 -53.80 25.41
 17.78 -53.54 25.51
 17.59 -53.27 25.62
 17.59 -53.27 25.62
 14.66 -46.86 27.45
 14.66 -46.81 27.48
 14.67 -46.78 27.50
 14.69 -46.74 27.50
 14.72 -46.72 27.48
 14.74 -46.70 27.47
 14.77 -46.68 27.46
 14.80 -46.67 27.43
 14.82 -46.66 27.40
 14.82 -46.65 27.36
 14.81 -46.64 27.32
 14.80 -46.63 27.28
 14.79 -46.62 27.23
 14.79 -46.61 27.20
 14.80 -46.60 27.17
 14.80 -46.60 27.17
 14.35 -45.74 27.26
 14.38 -45.68 27.28
 14.40 -45.63 27.30
 14.40 -45.60 27.33
 14.38 -45.58 27.33
 14.35 -45.58 27.33
 14.32 -45.59 27.32
 14.28 -45.59 27.32
 14.25 -45.59 27.33
 14.23 -45.59 27.34
 14.24 -45.58 27.35
 14.26 -45.55 27.35
 14.29 -45.51 27.35
 14.31 -45.46 27.35
 14.31 -45.40 27.35
 14.29 -45.35 27.36
 14.29 -45.35 27.36
 14.11 -43.91 27.83
 14.11 -43.78 27.88
 14.11 -43.61 27.93
 14.14 -43.41 27.97
 14.17 -43.18 28.00
 14.20 -42.94 28.02
 14.23 -42.68 28.03
 14.25 -42.38 28.04
 14.26 -42.05 28.05
 14.27 -41.66 28.07
 14.28 -41.19 28.11
 14.27 -40.65 28.18
 14.22 -40.05 28.31
 14.10 -39.43 28.48
 13.96 -38.83 28.66
 13.79 -38.25 28.85
 13.79 -38.25 28.85
 10.70 -29.13 31.14
 10.55 -28.55 31.33
 10.36 -27.99 31.52
 10.16 -27.46 31.72
 9.95 -26.96 31.91
 9.82 -26.51 32.06
 9.77 -26.14 32.16
 9.78 -25.89 32.21
 9.80 -25.78 32.22
 9.82 -25.77 32.20
 9.85 -25.83 32.14
 9.89 -25.91 32.06
 9.94 -26.00 31.97
 9.98 -26.07 31.90
