 -4.79 -19.22 -23.53
 -4.89 -26.09 -23.44
 -4.86 -26.18 -23.34
 -4.87 -26.24 -23.24
 -4.88 -26.28 -23.14
 -4.88 -26.30 -23.08
 -4.85 -26.32 -23.05
 -4.78 -26.36 -23.05
 -4.70 -26.46 -23.03
 -4.64 -26.61 -22.99
 -4.59 -26.78 -22.92
 -4.53 -26.95 -22.83
 -4.43 -27.09 -22.74
 -4.34 -27.23 -22.65
 -4.28 -27.35 -22.57
 -4.25 -27.47 -22.49
 -4.25 -27.47 -22.49
 -9.24 -34.18 -16.10
 -8.93 -34.43 -15.88
 -8.68 -34.78 -15.58
 -8.41 -35.10 -15.21
 -8.10 -35.35 -14.75
 -7.80 -35.51 -14.16
 -7.51 -35.58 -13.45
 -7.51 -35.58 -13.45
 -0.37 -26.49 2.45
 -0.25 -25.06 2.99
 -0.07 -23.40 3.53
 0.45 -21.58 4.01
 1.30 -19.75 4.40
 2.01 -18.03 4.76
 2.37 -16.53 5.05
 2.43 -15.28 5.21
 2.17 -14.16 5.34
 1.70 -13.03 5.46
 1.16 -11.82 5.60
 0.72 -10.56 5.75
 0.45 -9.25 5.90
 0.37 -7.93 6.07
 0.38 -6.66 6.25
 0.30 -5.52 6.40
 0.12 -4.51 6.50
 0.12 -4.51 6.50
 1.92 21.28 -5.07
 2.45 21.57 -6.11
 2.94 21.82 -7.14
 3.42 21.99 -8.12
 3.90 22.10 -9.00
 4.40 22.19 -9.75
 4.91 22.25 -10.39
 5.43 22.30 -11.03
 5.93 22.36 -11.71
 6.40 22.38 -12.44
 6.83 22.34 -13.17
 7.22 22.19 -13.87
 7.60 21.92 -14.53
 7.95 21.56 -15.16
 8.35 21.14 -15.75
 8.86 20.70 -16.31
 9.49 20.23 -16.93
 9.49 20.23 -16.93
 16.65 -23.64 -39.33
 16.39 -24.99 -39.01
 15.89 -26.30 -38.63
 15.14 -27.58 -38.17
 14.26 -28.88 -37.68
 13.39 -30.19 -37.15
 12.63 -31.47 -36.54
 12.00 -32.73 -35.79
 11.50 -34.00 -34.90
 11.14 -35.32 -33.87
 10.91 -36.70 -32.77
 10.84 -38.09 -31.67
 10.91 -39.49 -30.63
 11.15 -40.89 -29.71
 11.50 -42.26 -28.87
 11.50 -42.26 -28.87
 8.12 -46.80 -16.46
 7.86 -46.50 -16.34
 7.61 -46.27 -16.24
 7.41 -46.10 -16.18
 7.25 -45.95 -16.18
 7.11 -45.81 -16.22
 6.98 -45.67 -16.25
 6.86 -45.52 -16.27
 6.73 -45.37 -16.24
 6.60 -45.21 -16.16
 6.44 -45.08 -16.08
 6.27 -44.98 -16.01
 6.02 -44.89 -15.92
 5.76 -44.84 -15.83
 5.54 -44.83 -15.75
 5.38 -44.82 -15.69
 5.38 -44.82 -15.69
 2.24 -38.04 -15.73
 2.31 -37.89 -15.70
 2.38 -37.74 -15.66
 2.44 -37.59 -15.63
 2.52 -37.45 -15.62
 2.59 -37.32 -15.62
 2.69 -37.23 -15.61
 2.78 -37.16 -15.60
 2.85 -37.13 -15.57
 2.91 -37.12 -15.54
 2.95 -37.13 -15.50
 2.99 -37.14 -15.49
 3.03 -37.13 -15.49
 3.06 -37.13 -15.49
 3.09 -37.11 -15.50
 3.15 -37.10 -15.50
 3.15 -37.10 -15.50
 3.57 -37.25 -16.28
 3.59 -37.27 -16.29
 3.60 -37.28 -16.30
 3.61 -37.28 -16.33
 3.62 -37.28 -16.37
 3.63 -37.28 -16.40
 3.65 -37.28 -16.43
 3.66 -37.28 -16.46
 3.66 -37.28 -16.47
 3.65 -37.29 -16.49
 3.62 -37.29 -16.49
 3.59 -37.30 -16.49
 3.58 -37.31 -16.49
 3.58 -37.31 -16.49
 3.60 -37.32 -16.50
 3.22 -37.41 -17.69
 3.22 -37.41 -17.69
 4.27 -37.15 -16.72
 4.28 -37.17 -16.73
 4.29 -37.18 -16.73
 4.31 -37.20 -16.72
 4.33 -37.22 -16.72
 4.36 -37.24 -16.71
 4.37 -37.25 -16.70
 4.38 -37.26 -16.70
 4.38 -37.28 -16.70
 4.38 -37.31 -16.70
 4.37 -37.34 -16.70
 4.36 -37.38 -16.69
 4.37 -37.40 -16.68
 4.39 -37.42 -16.68
 4.42 -37.44 -16.68
 4.45 -37.45 -16.68
 4.45 -37.45 -16.68
 5.08 -38.27 -16.83
 5.06 -38.27 -16.85
 5.04 -38.27 -16.86
 5.02 -38.27 -16.86
 5.00 -38.27 -16.86
