 11.91 -1.90 -18.99
 11.97 -1.89 -19.02
 12.00 -1.93 -19.11
 12.03 -2.02 -19.24
 12.06 -2.10 -19.36
 12.06 -2.10 -19.36
 11.10 4.73 -18.01
 11.28 4.69 -17.78
 11.48 4.65 -17.52
 11.65 4.57 -17.23
 11.75 4.43 -16.93
 11.79 4.23 -16.61
 11.73 3.98 -16.26
 11.61 3.65 -15.87
 11.55 3.29 -15.45
 11.62 2.91 -15.03
 11.85 2.50 -14.64
 12.26 2.06 -14.29
 12.80 1.55 -13.98
 13.41 0.92 -13.73
 14.08 0.20 -13.51
 14.79 -0.61 -13.34
 14.79 -0.61 -13.34
 20.21 -27.53 -26.63
 19.82 -27.99 -27.23
 19.43 -28.42 -27.81
 19.12 -28.87 -28.43
 18.93 -29.36 -29.10
 18.79 -29.89 -29.80
 18.63 -30.41 -30.50
 18.43 -30.90 -31.18
 18.15 -31.32 -31.83
 17.81 -31.67 -32.44
 17.43 -31.98 -33.06
 17.06 -32.29 -33.71
 16.73 -32.63 -34.42
 16.46 -33.00 -35.20
 16.21 -33.38 -36.02
 16.21 -33.38 -36.02
 7.25 -36.32 -65.04
 7.32 -36.12 -65.57
 7.46 -35.92 -66.11
 7.61 -35.68 -66.64
 7.72 -35.40 -67.14
 7.79 -35.08 -67.58
 7.81 -34.72 -67.96
 7.83 -34.33 -68.30
 7.83 -34.33 -68.30
 8.30 -25.25 -71.43
 8.52 -24.85 -71.66
 8.76 -24.49 -71.87
 9.02 -24.17 -72.03
 9.29 -23.89 -72.15
 9.57 -23.65 -72.25
 9.86 -23.44 -72.35
 10.16 -23.23 -72.47
 10.47 -23.02 -72.60
 10.76 -22.78 -72.74
 11.04 -22.51 -72.86
 11.31 -22.21 -72.96
 11.59 -21.87 -73.05
 11.86 -21.51 -73.12
 12.12 -21.13 -73.19
 12.12 -21.13 -73.19
 19.63 -6.08 -71.61
 19.72 -5.60 -71.27
 19.74 -5.06 -70.90
 19.68 -4.48 -70.51
 19.54 -3.87 -70.11
 19.35 -3.25 -69.72
 19.13 -2.65 -69.35
 18.91 -2.06 -69.00
 18.71 -1.48 -68.66
 18.55 -0.88 -68.30
 18.39 -0.28 -67.93
 18.21 0.32 -67.53
 17.97 0.90 -67.13
 17.65 1.41 -66.74
 17.24 1.86 -66.35
 16.78 2.27 -65.95
 16.78 2.27 -65.95
 9.63 11.84 -54.61
 9.47 12.02 -54.28
 9.33 12.18 -53.96
 9.19 12.35 -53.63
 9.08 12.53 -53.25
 9.02 12.72 -52.85
 9.02 12.90 -52.43
 9.02 13.04 -52.00
 9.03 13.14 -51.56
 9.04 13.21 -51.10
 9.04 13.29 -50.63
 8.98 13.41 -50.13
 8.83 13.62 -49.61
 8.62 13.90 -49.09
 8.41 14.22 -48.56
 8.21 14.57 -48.04
 8.21 14.57 -48.04
 3.03 21.38 -32.46
 2.68 21.42 -31.91
 2.17 21.50 -31.36
 1.57 21.61 -30.80
 0.92 21.75 -30.29
 0.30 21.86 -29.78
 -0.19 21.98 -29.26
 -0.54 22.08 -28.75
 -0.76 22.16 -28.23
 -0.86 22.22 -27.72
 -0.90 22.25 -27.23
 -0.93 22.27 -26.78
 -0.96 22.26 -26.38
 -1.06 22.20 -26.03
 -1.24 22.07 -25.74
 -1.42 21.89 -25.48
 -1.42 21.89 -25.48
 1.81 8.54 -17.93
 1.87 8.20 -17.89
 1.90 7.88 -17.85
 1.93 7.56 -17.81
 1.98 7.25 -17.76
 2.09 6.95 -17.70
 2.26 6.65 -17.65
 2.46 6.35 -17.61
 2.67 6.04 -17.60
 2.86 5.69 -17.59
 3.02 5.31 -17.61
 3.13 4.87 -17.64
 3.21 4.37 -17.67
 3.31 3.84 -17.72
 3.46 3.28 -17.79
 3.65 2.68 -17.89
 3.86 2.06 -18.03
 3.86 2.06 -18.03
 3.70 -11.08 -22.71
 3.59 -11.47 -22.92
 3.48 -11.89 -23.11
 3.38 -12.34 -23.29
 3.25 -12.81 -23.47
 3.08 -13.29 -23.64
 2.85 -13.76 -23.81
 2.55 -14.24 -23.97
 2.21 -14.73 -24.13
 1.88 -15.24 -24.29
 1.56 -15.75 -24.46
 1.28 -16.25 -24.64
 1.06 -16.75 -24.86
 0.91 -17.24 -25.11
 0.81 -17.71 -25.39
 0.70 -18.17 -25.67
 0.70 -18.17 -25.67
