 -7.51 -27.84 -12.32
 -7.52 -27.86 -12.30
 -7.54 -27.89 -12.29
 -7.56 -27.92 -12.29
 -7.58 -27.96 -12.30
 -7.60 -28.00 -12.30
 -7.61 -28.05 -12.31
 -7.63 -28.11 -12.31
 -7.66 -28.19 -12.31
 -7.70 -28.28 -12.31
 -7.72 -28.36 -12.31
 -7.74 -28.41 -12.30
 -7.74 -28.44 -12.29
 -7.72 -28.45 -12.28
 -7.71 -28.45 -12.28
 -7.71 -28.45 -12.28
 -3.99 -30.02 -8.04
 -3.45 -29.90 -7.48
 -2.98 -29.70 -6.83
 -2.56 -29.40 -6.06
 -2.19 -29.01 -5.19
 -1.82 -28.57 -4.27
 -1.43 -28.05 -3.33
 -1.03 -27.46 -2.37
 -0.65 -26.76 -1.35
 -0.25 -25.92 -0.28
 0.14 -24.92 0.85
 0.49 -23.83 2.03
 0.84 -22.69 3.18
 1.18 -21.56 4.26
 1.47 -20.43 5.28
 1.62 -19.29 6.25
 1.62 -19.29 6.25
 -10.59 14.44 10.29
 -10.71 14.60 9.95
 -10.84 14.92 9.58
 -10.91 15.22 9.26
 -10.89 15.59 8.90
 -10.73 16.00 8.52
 -10.44 16.43 8.09
 -10.11 16.89 7.57
 -9.69 17.36 6.99
 -9.15 17.81 6.37
 -8.48 18.20 5.74
 -7.73 18.53 5.09
 -6.95 18.85 4.41
 -6.24 19.18 3.71
 -5.61 19.56 3.03
 -5.02 19.96 2.41
 -4.48 20.35 1.88
 -4.48 20.35 1.88
 13.37 26.60 -10.36
 14.15 26.38 -10.86
 15.03 26.12 -11.35
 16.01 25.82 -11.86
 17.01 25.45 -12.44
 18.01 24.99 -13.09
 18.97 24.44 -13.78
 19.89 23.77 -14.51
 20.76 22.97 -15.27
 21.47 22.08 -16.08
 21.88 21.12 -16.95
 22.21 20.21 -17.72
 22.69 19.40 -18.37
 23.41 18.65 -18.92
 24.34 17.96 -19.42
 25.34 17.25 -19.92
 25.34 17.25 -19.92
 20.64 -32.45 -36.65
 19.68 -33.77 -35.68
 18.99 -34.99 -34.64
 18.53 -36.09 -33.60
 18.21 -37.09 -32.64
 17.92 -37.97 -31.82
 17.48 -38.68 -31.09
 16.78 -39.17 -30.34
 15.86 -39.43 -29.50
 14.84 -39.51 -28.54
 13.81 -39.44 -27.47
 12.97 -39.22 -26.41
 12.41 -38.93 -25.48
 12.03 -38.69 -24.69
 11.73 -38.58 -24.00
 11.73 -38.58 -24.00
 1.07 -31.77 -11.97
 1.10 -31.79 -11.98
 1.16 -31.80 -12.02
 1.24 -31.81 -12.08
 1.31 -31.83 -12.14
 1.32 -31.85 -12.19
 1.28 -31.90 -12.22
 1.18 -31.95 -12.22
 1.05 -32.00 -12.21
 0.92 -32.03 -12.20
 0.83 -32.04 -12.22
 0.83 -32.05 -12.27
 0.90 -32.10 -12.33
 1.00 -32.19 -12.41
 1.11 -32.31 -12.48
 1.22 -32.45 -12.55
 1.22 -32.45 -12.55
 0.62 -33.70 -13.52
 0.51 -33.74 -13.55
 0.41 -33.78 -13.59
 0.34 -33.81 -13.63
 0.29 -33.85 -13.67
 0.23 -33.88 -13.70
 0.17 -33.92 -13.72
 0.11 -33.97 -13.75
 0.08 -34.01 -13.79
 0.06 -34.04 -13.83
 0.03 -34.07 -13.85
 0.01 -34.07 -13.87
 -0.02 -34.05 -13.88
 -0.04 -34.03 -13.88
 -0.04 -34.01 -13.89
 -0.04 -34.02 -13.91
 -0.04 -34.02 -13.91
 -0.23 -34.44 -14.10
 -0.20 -34.46 -14.09
 -0.18 -34.49 -14.08
 -0.16 -34.52 -14.07
 -0.13 -34.54 -14.07
 -0.11 -34.57 -14.06
 -0.09 -34.59 -14.05
 -0.06 -34.62 -14.05
 -0.04 -34.63 -14.04
 -0.02 -34.63 -14.02
 -0.00 -34.63 -14.01
 0.02 -34.62 -14.00
 0.07 -34.62 -14.01
 0.10 -34.62 -14.03
 0.12 -34.64 -14.04
 0.12 -34.64 -14.04
 0.19 -34.84 -14.06
 0.18 -34.87 -14.06
 0.18 -34.88 -14.06
 0.19 -34.88 -14.05
 0.22 -34.86 -14.05
 0.24 -34.85 -14.05
 0.25 -34.86 -14.07
 0.25 -34.87 -14.09
 0.24 -34.88 -14.10
 0.23 -34.89 -14.11
 0.24 -34.91 -14.12
 0.24 -34.93 -14.12
 0.22 -34.95 -14.11
 0.19 -34.98 -14.11
 0.18 -35.00 -14.11
 0.17 -35.02 -14.12
