 2.49 -26.77 -12.57
 2.52 -26.67 -12.67
 2.39 -26.50 -12.73
 2.13 -26.29 -12.71
 1.88 -26.05 -12.65
 1.67 -25.82 -12.56
 1.52 -25.67 -12.44
 1.41 -25.60 -12.31
 1.38 -25.67 -12.19
 1.48 -25.85 -12.14
 1.68 -26.10 -12.17
 1.89 -26.35 -12.25
 2.01 -26.48 -12.28
 2.00 -26.51 -12.24
 1.94 -26.52 -12.21
 1.94 -26.52 -12.21
 -4.26 -29.99 -16.98
 -4.28 -30.09 -16.81
 -4.29 -30.17 -16.61
 -4.32 -30.24 -16.36
 -4.36 -30.30 -16.03
 -4.41 -30.32 -15.64
 -4.49 -30.35 -15.16
 -4.57 -30.39 -14.60
 -4.60 -30.45 -13.99
 -4.52 -30.55 -13.41
 -4.30 -30.71 -12.86
 -3.97 -30.93 -12.37
 -3.54 -31.19 -11.93
 -3.03 -31.47 -11.51
 -2.47 -31.79 -11.10
 -2.47 -31.79 -11.10
 8.79 -16.42 8.81
 7.91 -14.45 9.31
 7.37 -12.58 9.61
 6.99 -10.81 9.80
 6.69 -9.20 9.96
 6.62 -7.76 10.15
 6.87 -6.55 10.39
 7.34 -5.54 10.66
 7.87 -4.68 10.87
 8.34 -3.84 10.96
 8.65 -2.97 10.94
 8.69 -2.03 10.85
 8.50 -1.07 10.73
 8.14 -0.11 10.60
 7.73 0.79 10.49
 7.40 1.62 10.38
 7.24 2.35 10.27
 7.24 2.35 10.27
 14.06 14.70 -7.60
 14.45 14.67 -7.92
 14.91 14.61 -8.24
 15.39 14.50 -8.60
 15.86 14.36 -9.02
 16.36 14.24 -9.48
 16.88 14.14 -9.96
 17.28 14.01 -10.35
 17.32 13.82 -10.35
 17.83 13.60 -10.46
 18.24 13.46 -10.98
 17.79 13.33 -11.19
 18.21 13.07 -11.48
 18.53 12.75 -12.00
 18.85 12.40 -12.49
 18.98 12.10 -12.90
 18.98 12.10 -12.90
 19.78 -19.56 -41.17
 19.49 -20.84 -40.40
 19.37 -22.24 -39.54
 19.31 -23.74 -38.63
 19.23 -25.31 -37.70
 19.13 -26.92 -36.79
 18.99 -28.55 -35.85
 18.99 -28.55 -35.85
 23.06 -46.64 -17.11
 23.03 -46.39 -16.95
 22.97 -46.12 -16.82
 22.85 -45.81 -16.68
 22.68 -45.48 -16.52
 22.50 -45.13 -16.38
 22.35 -44.78 -16.26
 22.23 -44.46 -16.15
 22.14 -44.18 -16.05
 22.06 -43.94 -15.97
 21.99 -43.74 -15.89
 21.90 -43.58 -15.84
 21.79 -43.44 -15.80
 21.64 -43.31 -15.76
 21.47 -43.21 -15.72
 21.47 -43.21 -15.72
 14.45 -40.81 -15.78
 14.30 -40.70 -15.81
 14.18 -40.62 -15.84
 14.08 -40.54 -15.86
 13.97 -40.47 -15.87
 13.87 -40.41 -15.87
 13.79 -40.35 -15.88
 13.70 -40.27 -15.91
 13.61 -40.18 -15.96
 13.55 -40.07 -16.02
 13.49 -39.97 -16.09
 13.44 -39.88 -16.15
 13.39 -39.81 -16.21
 13.34 -39.75 -16.26
 13.29 -39.70 -16.29
 13.29 -39.70 -16.29
 12.77 -38.78 -16.74
 12.77 -38.74 -16.70
 12.81 -38.70 -16.70
 12.86 -38.66 -16.71
 12.89 -38.61 -16.71
 12.89 -38.55 -16.71
 12.86 -38.47 -16.69
 12.79 -38.37 -16.66
 12.71 -38.27 -16.62
 12.62 -38.19 -16.58
 12.53 -38.12 -16.54
 12.47 -38.07 -16.52
 12.44 -38.04 -16.52
 12.42 -38.01 -16.53
 12.40 -37.98 -16.53
 12.40 -37.98 -16.53
 11.88 -38.23 -16.84
 11.86 -38.24 -16.84
 11.83 -38.23 -16.83
 11.81 -38.22 -16.82
 11.80 -38.20 -16.82
 11.81 -38.18 -16.83
 11.81 -38.17 -16.83
 11.80 -38.16 -16.84
 11.80 -38.15 -16.84
 11.78 -38.14 -16.83
 11.76 -38.12 -16.82
 11.75 -38.11 -16.80
 11.75 -38.10 -16.79
 11.78 -38.08 -16.79
 11.81 -38.07 -16.78
 11.81 -38.07 -16.78
 11.84 -37.76 -16.46
 11.81 -37.74 -16.46
 11.79 -37.73 -16.46
 11.77 -37.73 -16.45
 11.75 -37.73 -16.45
 11.74 -37.73 -16.43
 11.73 -37.73 -16.42
 11.72 -37.73 -16.40
 11.72 -37.73 -16.39
 11.72 -37.73 -16.38
 11.72 -37.73 -16.38
