 -0.51 7.73 -8.06
 -1.11 8.27 -8.17
 -1.54 8.69 -8.25
 -1.75 8.95 -8.29
 -1.82 9.03 -8.26
 -1.73 8.95 -8.23
 -1.57 8.76 -8.23
 -1.42 8.51 -8.25
 -1.34 8.26 -8.26
 -1.33 8.02 -8.22
 -1.40 7.79 -8.15
 -1.57 7.55 -8.04
 -1.80 7.31 -7.93
 -2.06 7.08 -7.80
 -2.26 6.86 -7.65
 -2.26 6.86 -7.65
 4.19 -1.69 -1.04
 4.29 -2.07 -1.11
 4.41 -2.43 -1.19
 4.59 -2.80 -1.28
 4.80 -3.18 -1.39
 5.01 -3.54 -1.53
 5.22 -3.88 -1.70
 5.41 -4.22 -1.90
 5.57 -4.55 -2.12
 5.69 -4.89 -2.35
 5.77 -5.28 -2.59
 5.80 -5.69 -2.81
 5.80 -6.12 -3.01
 5.79 -6.56 -3.20
 5.77 -7.00 -3.38
 5.73 -7.42 -3.57
 5.70 -7.81 -3.76
 5.70 -7.81 -3.76
 1.89 -20.01 -18.82
 1.61 -20.15 -19.42
 1.30 -20.25 -20.02
 0.98 -20.32 -20.60
 0.66 -20.37 -21.18
 0.36 -20.42 -21.77
 0.11 -20.49 -22.39
 -0.09 -20.60 -23.05
 -0.25 -20.74 -23.72
 -0.36 -20.89 -24.42
 -0.44 -21.04 -25.11
 -0.51 -21.17 -25.81
 -0.59 -21.26 -26.51
 -0.71 -21.32 -27.22
 -0.85 -21.37 -27.94
 -0.85 -21.37 -27.94
 4.69 -15.14 -50.46
 4.65 -14.85 -50.69
 4.55 -14.54 -50.92
 4.43 -14.21 -51.16
 4.33 -13.86 -51.46
 4.28 -13.50 -51.80
 4.28 -13.13 -52.18
 4.36 -12.77 -52.57
 4.48 -12.41 -52.95
 4.61 -12.08 -53.29
 4.73 -11.76 -53.61
 4.81 -11.45 -53.91
 4.83 -11.15 -54.20
 4.81 -10.82 -54.48
 4.78 -10.49 -54.77
 4.74 -10.14 -55.08
 4.74 -10.14 -55.08
 8.25 0.84 -63.15
 8.29 1.12 -63.09
 8.32 1.40 -63.05
 8.34 1.70 -63.02
 8.39 1.99 -63.03
 8.48 2.29 -63.05
 8.61 2.57 -63.07
 8.78 2.83 -63.08
 8.95 3.06 -63.05
 9.12 3.26 -62.98
 9.27 3.46 -62.89
 9.41 3.66 -62.78
 9.55 3.88 -62.67
 9.69 4.13 -62.55
 9.83 4.39 -62.43
 10.00 4.67 -62.30
 10.18 4.95 -62.14
 10.18 4.95 -62.14
 16.13 12.14 -54.53
 16.26 12.52 -54.06
 16.44 12.98 -53.59
 16.67 13.45 -53.13
 16.94 13.93 -52.68
 17.22 14.39 -52.24
 17.45 14.81 -51.81
 17.60 15.20 -51.39
 17.68 15.56 -50.95
 17.77 15.89 -50.50
 17.88 16.20 -50.06
 18.01 16.47 -49.63
 18.17 16.72 -49.22
 18.33 16.95 -48.81
 18.51 17.17 -48.40
 18.68 17.39 -48.00
 18.68 17.39 -48.00
 20.60 22.69 -34.10
 20.52 22.81 -33.74
 20.51 22.98 -33.36
 20.56 23.20 -32.95
 20.64 23.42 -32.51
 20.73 23.65 -32.07
 20.78 23.85 -31.62
 20.78 24.00 -31.20
 20.71 24.10 -30.79
 20.60 24.16 -30.38
 20.49 24.20 -29.96
 20.39 24.21 -29.53
 20.33 24.20 -29.10
 20.31 24.17 -28.67
 20.33 24.14 -28.25
 20.33 24.14 -28.25
 19.89 24.09 -17.12
 19.82 24.02 -16.98
 19.77 23.95 -16.86
 19.73 23.88 -16.74
 19.68 23.80 -16.62
 19.57 23.69 -16.51
 19.40 23.56 -16.40
 19.18 23.40 -16.27
 18.97 23.22 -16.14
 18.79 23.01 -16.00
 18.65 22.79 -15.87
 18.51 22.54 -15.74
 18.35 22.28 -15.60
 18.18 22.05 -15.45
 18.00 21.84 -15.31
 17.76 21.68 -15.15
 17.76 21.68 -15.15
 8.05 17.86 -8.40
 7.91 17.60 -8.39
 7.74 17.33 -8.36
 7.59 17.05 -8.32
 7.46 16.79 -8.26
 7.38 16.53 -8.22
 7.35 16.26 -8.18
 7.35 15.98 -8.17
 7.38 15.68 -8.17
 7.44 15.35 -8.20
 7.52 15.00 -8.25
 7.59 14.63 -8.32
 7.61 14.24 -8.42
 7.53 13.83 -8.52
 7.34 13.38 -8.60
