 2.91 -4.04 95.81
 3.05 -3.71 95.95
 3.46 -3.37 96.11
 3.95 -2.82 96.29
 4.23 -2.05 96.49
 4.37 -1.25 96.72
 4.31 -0.55 97.00
 4.09 -0.04 97.29
 3.80 0.21 97.57
 3.52 0.23 97.79
 3.32 0.14 97.95
 3.19 0.01 98.02
 3.19 -0.12 98.02
 3.19 -0.12 98.02
 5.16 -3.39 96.02
 5.31 -3.63 96.02
 5.46 -3.87 96.02
 5.64 -4.13 95.98
 5.84 -4.41 95.91
 6.06 -4.72 95.80
 6.28 -5.05 95.65
 6.50 -5.40 95.48
 6.67 -5.74 95.32
 6.80 -6.08 95.21
 6.94 -6.43 95.12
 7.04 -6.79 95.06
 7.14 -7.14 95.01
 7.21 -7.50 94.97
 7.30 -7.84 94.92
 7.43 -8.15 94.86
 7.62 -8.43 94.78
 7.62 -8.43 94.78
 9.10 -15.91 93.95
 9.88 -16.17 93.96
 10.08 -16.43 93.99
 9.85 -16.08 94.18
 10.02 -15.49 94.37
 10.07 -14.88 94.57
 10.16 -14.39 94.67
 10.11 -13.92 94.80
 10.13 -13.53 94.93
 10.28 -13.35 95.02
 10.48 -13.43 95.12
 10.86 -13.81 95.18
 11.44 -14.47 95.07
 12.03 -15.34 94.73
 12.58 -16.22 94.24
 13.15 -17.00 93.63
 13.15 -17.00 93.63
 13.28 -22.91 83.55
 13.37 -22.97 82.81
 13.43 -23.03 82.08
 13.45 -23.07 81.40
 13.43 -23.08 80.78
 13.37 -23.08 80.22
 13.30 -23.06 79.71
 13.22 -23.00 79.22
 13.15 -22.90 78.73
 13.11 -22.75 78.24
 13.08 -22.52 77.75
 13.05 -22.23 77.31
 12.99 -21.91 76.92
 12.88 -21.63 76.57
 12.75 -21.40 76.22
 12.61 -21.23 75.88
 12.61 -21.23 75.88
 10.34 -10.29 63.28
 10.19 -9.87 63.10
 10.04 -9.46 62.94
 9.89 -9.06 62.84
 9.73 -8.66 62.78
 9.57 -8.25 62.77
 9.42 -7.85 62.75
 9.30 -7.45 62.71
 9.21 -7.06 62.63
 9.17 -6.68 62.51
 9.18 -6.30 62.35
 9.20 -5.93 62.21
 9.22 -5.54 62.10
 9.22 -5.16 62.02
 9.18 -4.79 61.99
 9.12 -4.43 61.99
 9.05 -4.08 62.00
 9.05 -4.08 62.00
 11.53 7.10 66.48
 11.51 7.29 66.82
 11.54 7.48 67.19
 11.61 7.66 67.59
 11.68 7.82 67.99
 11.74 7.97 68.38
 11.79 8.12 68.76
 11.87 8.25 69.10
 12.01 8.36 69.42
 12.18 8.49 69.73
 12.33 8.64 70.03
 12.44 8.81 70.33
 12.46 8.99 70.64
 12.42 9.14 70.95
 12.35 9.27 71.26
 12.29 9.36 71.59
 12.26 9.43 71.95
 12.26 9.43 71.95
 13.45 9.73 83.37
 13.46 9.62 83.66
 13.42 9.51 83.98
 13.36 9.41 84.33
 13.28 9.30 84.68
 13.22 9.20 85.03
 13.20 9.10 85.35
 13.23 8.99 85.63
 13.30 8.88 85.89
 13.35 8.76 86.11
 13.37 8.62 86.33
 13.36 8.46 86.56
 13.30 8.28 86.80
 13.22 8.11 87.05
 13.14 7.96 87.32
 13.08 7.83 87.59
 13.01 7.71 87.86
 13.01 7.71 87.86
 9.12 -1.77 93.02
 9.06 -2.08 93.07
 9.08 -2.35 93.11
 9.14 -2.56 93.15
 9.19 -2.74 93.20
 9.16 -2.90 93.26
 9.06 -3.10 93.32
 8.88 -3.35 93.38
 8.66 -3.64 93.43
 8.45 -3.96 93.50
 8.31 -4.25 93.58
 8.28 -4.51 93.66
 8.36 -4.70 93.74
 8.48 -4.85 93.81
 8.59 -4.96 93.86
 8.61 -5.07 93.89
 8.52 -5.22 93.91
 8.52 -5.22 93.91
 7.35 -6.73 92.83
 7.29 -6.70 92.79
 7.21 -6.65 92.77
 7.12 -6.59 92.76
 7.01 -6.53 92.77
 6.91 -6.49 92.80
 6.84 -6.46 92.84
 6.80 -6.45 92.88
 6.76 -6.42 92.90
 6.72 -6.35 92.92
 6.68 -6.26 92.94
 6.65 -6.16 92.96
