 2.30 3.95 -49.04
 2.10 3.95 -49.01
 1.92 3.94 -48.99
 1.82 3.97 -48.96
 1.70 3.96 -48.94
 2.23 4.18 -48.86
 3.31 4.82 -48.69
 4.25 5.43 -48.50
 4.98 5.92 -48.36
 5.48 6.42 -48.28
 5.77 6.98 -48.16
 5.94 7.53 -47.96
 5.94 7.53 -47.96
 9.63 3.85 -48.72
 9.99 3.02 -48.78
 10.29 2.23 -48.90
 10.57 1.46 -49.09
 10.87 0.67 -49.34
 11.23 -0.16 -49.65
 11.63 -1.03 -50.01
 12.06 -1.95 -50.40
 12.52 -2.92 -50.81
 12.96 -3.92 -51.19
 13.34 -4.93 -51.55
 13.66 -5.92 -51.91
 13.92 -6.89 -52.32
 14.13 -7.82 -52.78
 14.33 -8.72 -53.31
 14.55 -9.58 -53.91
 14.55 -9.58 -53.91
 16.61 -30.45 -73.13
 16.55 -30.87 -73.71
 16.43 -31.30 -74.28
 16.28 -31.72 -74.87
 16.13 -32.13 -75.49
 15.99 -32.53 -76.15
 15.86 -32.92 -76.85
 15.74 -33.31 -77.58
 15.62 -33.70 -78.34
 15.49 -34.11 -79.10
 15.32 -34.55 -79.84
 15.11 -34.99 -80.53
 14.85 -35.44 -81.18
 14.57 -35.86 -81.79
 14.26 -36.25 -82.37
 14.26 -36.25 -82.37
 7.46 -40.90 -102.19
 7.45 -40.74 -102.80
 7.38 -40.58 -103.39
 7.25 -40.42 -103.97
 7.10 -40.24 -104.54
 6.94 -40.06 -105.11
 6.79 -39.87 -105.67
 6.66 -39.67 -106.22
 6.53 -39.46 -106.73
 6.40 -39.24 -107.19
 6.28 -39.01 -107.60
 6.20 -38.77 -108.00
 6.16 -38.50 -108.40
 6.15 -38.20 -108.82
 6.15 -37.90 -109.27
 6.15 -37.90 -109.27
 5.03 -23.86 -119.61
 5.17 -23.45 -119.72
 5.35 -23.09 -119.84
 5.53 -22.74 -119.96
 5.68 -22.39 -120.05
 5.77 -22.02 -120.09
 5.84 -21.64 -120.08
 5.96 -21.26 -120.06
 6.14 -20.86 -120.04
 6.38 -20.47 -120.02
 6.64 -20.08 -120.00
 6.91 -19.69 -119.98
 7.15 -19.27 -119.94
 7.37 -18.82 -119.88
 7.57 -18.37 -119.82
 7.57 -18.37 -119.82
 16.19 -1.38 -111.11
 16.48 -1.06 -110.56
 16.66 -0.74 -109.94
 16.72 -0.45 -109.25
 16.71 -0.19 -108.54
 16.72 0.07 -107.82
 16.80 0.29 -107.12
 16.80 0.29 -107.12
 18.32 2.90 -97.39
 18.50 2.98 -96.67
 18.61 3.05 -95.96
 18.68 3.14 -95.26
 18.78 3.21 -94.61
 18.94 3.25 -93.99
 19.17 3.27 -93.42
 19.50 3.25 -92.88
 19.88 3.18 -92.40
 20.24 3.05 -91.93
 20.54 2.92 -91.43
 20.74 2.82 -90.85
 20.83 2.77 -90.20
 20.85 2.78 -89.52
 20.80 2.60 -89.05
 20.63 2.36 -88.76
 20.56 2.25 -88.17
 20.56 2.25 -88.17
 25.71 0.18 -70.57
 25.80 0.12 -70.07
 25.89 0.04 -69.57
 25.96 -0.06 -69.07
 26.03 -0.17 -68.55
 26.10 -0.27 -68.05
 26.18 -0.35 -67.57
 26.27 -0.43 -67.13
 26.37 -0.50 -66.72
 26.48 -0.57 -66.34
 26.55 -0.66 -65.98
 26.60 -0.77 -65.62
 26.61 -0.89 -65.25
 26.61 -1.01 -64.85
 26.60 -1.12 -64.43
 26.61 -1.21 -64.00
 26.61 -1.21 -64.00
 24.92 -7.01 -56.14
 24.64 -7.25 -55.95
 24.43 -7.50 -55.80
 24.26 -7.75 -55.67
 24.08 -8.01 -55.56
 23.83 -8.27 -55.44
 23.48 -8.54 -55.29
 23.07 -8.84 -55.11
 22.65 -9.18 -54.92
 22.27 -9.58 -54.74
 21.94 -10.01 -54.59
 21.63 -10.47 -54.47
 21.31 -10.94 -54.36
 20.96 -11.41 -54.25
 20.57 -11.88 -54.15
 20.57 -11.88 -54.15
 9.25 -31.49 -56.52
 8.89 -31.97 -56.58
 8.50 -32.42 -56.63
 8.09 -32.83 -56.68
 7.70 -33.23 -56.74
 7.35 -33.61 -56.80
 7.05 -33.97 -56.86
 6.78 -34.30 -56.92
 6.53 -34.60 -56.97
 6.30 -34.86 -57.01
 6.11 -35.09 -57.04
 5.96 -35.28 -57.06
 5.86 -35.43 -57.08
