 2.47 3.39 -16.96
 2.48 3.40 -16.97
 2.52 3.41 -16.99
 2.57 3.40 -17.01
 2.64 3.37 -17.01
 2.72 3.34 -17.00
 2.90 3.32 -16.97
 3.78 3.60 -16.82
 4.40 4.21 -16.71
 4.44 4.84 -16.57
 4.40 5.37 -16.33
 4.29 5.78 -16.05
 4.29 5.78 -16.05
 3.85 5.24 -15.63
 3.86 4.82 -15.76
 3.92 4.46 -15.85
 4.03 4.14 -15.93
 4.17 3.86 -16.05
 4.30 3.59 -16.20
 4.40 3.31 -16.38
 4.48 3.04 -16.55
 4.55 2.75 -16.70
 4.62 2.46 -16.83
 4.66 2.16 -16.94
 4.67 1.85 -17.05
 4.67 1.52 -17.16
 4.68 1.16 -17.29
 4.71 0.78 -17.45
 4.78 0.38 -17.63
 4.92 -0.04 -17.84
 4.92 -0.04 -17.84
 7.54 -12.90 -28.72
 7.55 -13.34 -29.11
 7.54 -13.79 -29.46
 7.57 -14.26 -29.80
 7.43 -14.45 -29.99
 7.28 -14.21 -30.07
 7.21 -13.81 -30.10
 7.27 -13.50 -30.17
 7.50 -13.26 -30.31
 7.90 -13.05 -30.49
 8.34 -12.81 -30.70
 8.85 -12.44 -30.81
 9.38 -12.07 -30.69
 9.76 -11.87 -30.57
 9.96 -11.81 -30.48
 10.16 -11.83 -30.48
 10.16 -11.83 -30.48
 15.71 -15.62 -49.41
 15.72 -15.28 -49.70
 15.80 -14.94 -50.01
 15.95 -14.60 -50.33
 16.13 -14.26 -50.68
 16.27 -13.92 -51.04
 16.36 -13.58 -51.40
 16.37 -13.23 -51.74
 16.34 -12.87 -52.07
 16.31 -12.51 -52.40
 16.35 -12.17 -52.75
 16.53 -11.82 -53.12
 16.85 -11.46 -53.51
 17.26 -11.07 -53.86
 17.66 -10.64 -54.15
 17.66 -10.64 -54.15
 23.47 11.18 -47.75
 23.53 11.82 -47.10
 23.70 12.51 -46.46
 23.91 13.24 -45.85
 24.05 13.96 -45.31
 24.05 14.64 -44.87
 23.96 15.26 -44.46
 23.85 15.83 -44.01
 23.74 16.38 -43.48
 23.64 16.98 -42.85
 23.59 17.62 -42.15
 23.60 18.30 -41.44
 23.65 18.96 -40.76
 23.68 19.57 -40.17
 23.68 20.12 -39.66
 23.69 20.62 -39.15
 23.69 20.62 -39.15
 17.96 27.61 -24.56
 17.85 27.56 -24.31
 17.71 27.54 -24.07
 17.53 27.53 -23.85
 17.31 27.50 -23.64
 17.12 27.45 -23.39
 16.93 27.41 -23.12
 16.73 27.38 -22.85
 16.53 27.34 -22.61
 16.37 27.25 -22.39
 16.23 27.13 -22.18
 16.09 27.01 -21.96
 15.93 26.89 -21.75
 15.74 26.80 -21.55
 15.52 26.71 -21.33
 15.31 26.65 -21.07
 15.31 26.65 -21.07
 7.29 24.58 -11.94
 7.16 24.40 -11.73
 7.06 24.19 -11.51
 6.99 23.95 -11.29
 6.94 23.69 -11.09
 6.89 23.42 -10.91
 6.85 23.17 -10.74
 6.81 22.96 -10.57
 6.78 22.78 -10.40
 6.75 22.64 -10.21
 6.74 22.51 -10.00
 6.72 22.37 -9.79
 6.71 22.20 -9.58
 6.72 22.01 -9.37
 6.74 21.80 -9.17
 6.77 21.59 -8.99
 6.82 21.41 -8.81
 6.82 21.41 -8.81
 11.37 13.49 -5.56
 11.53 13.18 -5.66
 11.69 12.88 -5.75
 11.85 12.60 -5.82
 12.01 12.34 -5.90
 12.16 12.09 -5.97
 12.30 11.85 -6.06
 12.45 11.62 -6.16
 12.60 11.36 -6.28
 12.78 11.07 -6.42
 12.97 10.77 -6.58
 13.15 10.44 -6.75
 13.31 10.10 -6.93
 13.45 9.75 -7.12
 13.57 9.41 -7.29
 13.69 9.08 -7.46
 13.80 8.73 -7.62
 13.80 8.73 -7.62
 12.62 -6.60 -14.89
 12.50 -6.95 -14.98
 12.43 -7.34 -15.08
 12.42 -7.76 -15.19
 12.43 -8.19 -15.33
 12.43 -8.58 -15.48
 12.40 -8.93 -15.62
 12.34 -9.25 -15.74
 12.27 -9.54 -15.84
 12.21 -9.83 -15.93
 12.15 -10.17 -16.02
 12.13 -10.54 -16.12
 12.12 -10.93 -16.24
 12.10 -11.29 -16.34
 12.07 -11.61 -16.44
 12.07 -11.61 -16.44
