 -2.04 -2.60 9.18
 -1.74 -2.61 9.14
 -1.74 -2.61 9.14
 -2.52 0.86 11.38
 -2.33 0.69 11.44
 -2.04 0.53 11.49
 -1.66 0.35 11.53
 -1.26 0.13 11.57
 -0.85 -0.15 11.61
 -0.42 -0.51 11.64
 -0.00 -0.88 11.66
 0.32 -1.25 11.70
 0.55 -1.59 11.78
 0.71 -1.86 11.89
 0.85 -2.09 11.98
 0.96 -2.25 12.01
 0.99 -2.42 12.02
 0.91 -2.55 12.06
 0.67 -2.65 12.18
 0.37 -2.73 12.34
 0.37 -2.73 12.34
 6.00 -20.21 11.11
 5.94 -20.64 10.86
 5.83 -21.05 10.59
 5.70 -21.46 10.29
 5.61 -21.88 9.95
 5.58 -22.30 9.56
 5.62 -22.73 9.14
 5.68 -23.17 8.73
 5.72 -23.60 8.37
 5.72 -24.04 8.06
 5.66 -24.46 7.79
 5.56 -24.85 7.52
 5.43 -25.22 7.23
 5.30 -25.56 6.92
 5.18 -25.86 6.59
 5.05 -26.12 6.25
 4.92 -26.38 5.91
 4.92 -26.38 5.91
 -2.28 -33.14 -10.74
 -2.42 -33.22 -11.21
 -2.57 -33.31 -11.69
 -2.73 -33.40 -12.19
 -2.91 -33.47 -12.70
 -3.11 -33.53 -13.23
 -3.31 -33.56 -13.76
 -3.51 -33.59 -14.30
 -3.69 -33.60 -14.83
 -3.85 -33.61 -15.35
 -4.01 -33.60 -15.85
 -4.15 -33.58 -16.35
 -4.28 -33.55 -16.86
 -4.42 -33.51 -17.38
 -4.57 -33.45 -17.89
 -4.57 -33.45 -17.89
 -7.19 -26.52 -32.39
 -7.10 -26.22 -32.80
 -7.01 -25.90 -33.19
 -6.91 -25.57 -33.56
 -6.82 -25.22 -33.90
 -6.73 -24.85 -34.22
 -6.65 -24.48 -34.54
 -6.58 -24.12 -34.86
 -6.52 -23.75 -35.18
 -6.45 -23.39 -35.50
 -6.37 -23.02 -35.85
 -6.27 -22.64 -36.19
 -6.16 -22.24 -36.52
 -6.03 -21.83 -36.84
 -5.90 -21.41 -37.13
 -5.90 -21.41 -37.13
 1.66 -9.35 -42.33
 1.87 -8.94 -42.27
 2.09 -8.54 -42.22
 2.32 -8.16 -42.18
 2.57 -7.80 -42.14
 2.81 -7.48 -42.11
 3.06 -7.18 -42.08
 3.30 -6.91 -42.05
 3.53 -6.66 -42.00
 3.74 -6.41 -41.93
 3.94 -6.15 -41.86
 4.12 -5.88 -41.78
 4.30 -5.61 -41.70
 4.49 -5.35 -41.62
 4.68 -5.11 -41.53
 4.87 -4.87 -41.42
 4.87 -4.87 -41.42
 12.07 1.90 -32.80
 12.32 2.03 -32.42
 12.52 2.18 -32.01
 12.70 2.37 -31.55
 12.87 2.61 -31.03
 13.05 2.87 -30.49
 13.23 3.15 -29.92
 13.41 3.43 -29.34
 13.61 3.69 -28.75
 13.79 3.96 -28.17
 13.92 4.23 -27.57
 14.01 4.52 -26.94
 14.08 4.84 -26.30
 14.13 5.17 -25.64
 14.19 5.53 -24.98
 14.26 5.90 -24.34
 14.26 5.90 -24.34
 18.10 11.66 -6.71
 18.27 11.68 -6.34
 18.44 11.69 -5.96
 18.57 11.68 -5.58
 18.62 11.66 -5.21
 18.59 11.63 -4.85
 18.52 11.61 -4.50
 18.46 11.59 -4.15
 18.43 11.58 -3.78
 18.43 11.57 -3.39
 18.44 11.57 -2.98
 18.43 11.56 -2.56
 18.36 11.54 -2.15
 18.22 11.52 -1.72
 18.00 11.51 -1.27
 17.72 11.52 -0.78
 17.72 11.52 -0.78
 9.26 5.82 11.78
 9.12 5.49 11.86
 8.96 5.16 11.93
 8.78 4.82 12.00
 8.58 4.48 12.08
 8.40 4.16 12.16
 8.23 3.85 12.24
 8.11 3.55 12.29
 8.04 3.24 12.32
 8.01 2.92 12.33
 7.99 2.59 12.33
 7.95 2.28 12.34
 7.89 1.99 12.36
 7.79 1.74 12.38
 7.67 1.51 12.39
 7.54 1.30 12.40
 7.39 1.09 12.39
 7.25 0.86 12.38
 7.25 0.86 12.38
 -0.26 -4.74 8.78
 -0.55 -4.84 8.79
 -0.80 -4.95 8.76
 -1.00 -5.08 8.68
 -1.14 -5.24 8.57
 -1.25 -5.41 8.45
 -1.34 -5.56 8.33
 -1.44 -5.71 8.21
 -1.56 -5.87 8.09
