 3.52 -3.85 3.38
 2.88 -2.29 3.87
 2.25 -0.66 4.33
 1.68 0.90 4.70
 1.19 2.23 5.04
 0.78 3.30 5.40
 0.46 4.07 5.79
 0.25 4.54 6.16
 0.13 4.75 6.50
 0.07 4.76 6.78
 -0.00 4.63 6.99
 -0.04 4.45 7.12
 -0.03 4.25 7.18
 0.04 4.07 7.16
 0.21 3.90 7.05
 0.43 3.78 6.87
 0.70 3.68 6.62
 1.36 3.46 6.27
 1.36 3.46 6.27
 18.32 -24.48 1.19
 18.46 -25.58 0.59
 18.60 -26.62 -0.01
 18.71 -27.57 -0.57
 18.79 -28.42 -1.09
 18.83 -29.18 -1.59
 18.84 -29.88 -2.05
 18.83 -30.56 -2.49
 18.84 -31.26 -2.91
 18.88 -31.98 -3.33
 18.92 -32.74 -3.75
 18.94 -33.52 -4.21
 18.95 -34.30 -4.72
 18.91 -35.06 -5.27
 18.83 -35.80 -5.86
 18.75 -36.54 -6.49
 18.75 -36.54 -6.49
 7.26 -51.76 -23.36
 6.85 -51.84 -23.92
 6.43 -51.89 -24.48
 5.98 -51.93 -25.07
 5.50 -51.96 -25.69
 5.02 -51.98 -26.35
 4.56 -51.98 -27.05
 4.13 -51.94 -27.75
 3.72 -51.88 -28.45
 3.33 -51.78 -29.12
 2.91 -51.62 -29.73
 2.40 -51.43 -30.26
 1.83 -51.23 -30.72
 1.22 -51.03 -31.15
 0.61 -50.86 -31.60
 0.04 -50.71 -32.08
 0.04 -50.71 -32.08
 -8.56 -42.68 -51.36
 -8.52 -42.26 -51.76
 -8.50 -41.81 -52.09
 -8.51 -41.32 -52.34
 -8.56 -40.78 -52.54
 -8.65 -40.18 -52.73
 -8.77 -39.55 -52.94
 -8.88 -38.89 -53.16
 -8.96 -38.23 -53.40
 -9.00 -37.59 -53.63
 -8.98 -36.96 -53.85
 -8.91 -36.33 -54.07
 -8.80 -35.70 -54.28
 -8.68 -35.06 -54.47
 -8.57 -34.39 -54.65
 -8.57 -34.39 -54.65
 -8.09 -8.99 -57.84
 -8.12 -8.21 -57.86
 -8.22 -7.43 -57.87
 -8.32 -6.66 -57.89
 -8.39 -5.91 -57.90
 -8.43 -5.16 -57.90
 -8.50 -4.41 -57.89
 -8.59 -3.65 -57.88
 -8.59 -3.65 -57.88
 -7.31 5.11 -56.38
 -7.09 5.25 -56.34
 -6.76 5.37 -56.30
 -6.32 5.49 -56.28
 -5.82 5.60 -56.30
 -5.34 5.70 -56.32
 -4.90 5.76 -56.32
 -4.51 5.82 -56.28
 -4.14 5.86 -56.19
 -3.79 5.91 -56.05
 -3.47 5.96 -55.86
 -3.16 6.04 -55.63
 -2.82 6.15 -55.37
 -2.43 6.28 -55.11
 -2.00 6.42 -54.88
 -1.59 6.58 -54.66
 -1.59 6.58 -54.66
 14.42 11.81 -41.82
 14.58 11.98 -41.25
 14.83 12.14 -40.67
 15.19 12.27 -40.08
 15.64 12.38 -39.44
 16.11 12.48 -38.74
 16.56 12.60 -37.98
 16.95 12.76 -37.19
 17.24 12.96 -36.37
 17.49 13.19 -35.54
 17.72 13.45 -34.73
 17.93 13.75 -33.94
 18.16 14.11 -33.16
 18.44 14.50 -32.42
 18.74 14.89 -31.76
 19.10 15.27 -31.19
 19.10 15.27 -31.19
 30.47 19.51 -14.09
 30.64 19.57 -13.55
 30.81 19.64 -13.03
 31.04 19.73 -12.52
 31.33 19.84 -12.02
 31.66 19.99 -11.53
 31.99 20.12 -11.06
 32.26 20.23 -10.60
 32.45 20.31 -10.13
 32.55 20.38 -9.65
 32.59 20.45 -9.18
 32.59 20.53 -8.70
 32.62 20.63 -8.23
 32.69 20.74 -7.76
 32.81 20.83 -7.28
 32.96 20.91 -6.81
 32.96 20.91 -6.81
 30.90 16.86 5.06
 31.14 16.54 5.28
 31.38 16.18 5.46
 31.57 15.75 5.59
 31.70 15.24 5.69
 31.79 14.67 5.80
 31.82 14.03 5.95
 31.80 13.37 6.15
 31.78 12.75 6.39
 31.78 12.20 6.64
 31.81 11.71 6.87
 31.86 11.29 7.10
 31.92 10.99 7.39
 31.99 10.80 7.73
 32.04 10.66 8.05
 32.04 10.56 8.31
 31.91 10.45 8.51
 31.91 10.45 8.51
 24.42 -1.93 7.60
 24.14 -2.36 7.39
 23.87 -2.79 7.19
