 -2.49 -4.44 108.53
 -2.60 -4.56 108.61
 -2.68 -4.63 108.68
 -2.74 -4.65 108.72
 -2.80 -4.65 108.74
 -2.84 -4.66 108.77
 -2.84 -4.66 108.77
 4.32 2.88 108.44
 4.60 2.44 108.28
 4.87 2.05 108.13
 5.11 1.69 108.02
 5.34 1.31 107.97
 5.57 0.88 107.98
 5.84 0.38 108.01
 6.14 -0.19 108.05
 6.45 -0.79 108.09
 6.77 -1.43 108.11
 7.04 -2.05 108.09
 7.28 -2.61 108.03
 7.52 -3.10 107.93
 7.84 -3.52 107.78
 8.23 -3.87 107.58
 8.67 -4.19 107.37
 9.11 -4.53 107.15
 9.11 -4.53 107.15
 14.58 -22.41 92.08
 14.54 -22.74 91.54
 14.49 -23.05 91.00
 14.45 -23.32 90.47
 14.40 -23.59 89.95
 14.36 -23.85 89.42
 14.30 -24.11 88.89
 14.26 -24.36 88.35
 14.23 -24.58 87.80
 14.19 -24.78 87.23
 14.15 -24.96 86.66
 14.08 -25.14 86.09
 14.02 -25.30 85.51
 13.95 -25.46 84.93
 13.88 -25.61 84.34
 13.78 -25.75 83.76
 13.78 -25.75 83.76
 8.65 -25.47 63.24
 8.57 -25.22 62.73
 8.49 -24.94 62.25
 8.39 -24.65 61.79
 8.29 -24.34 61.37
 8.20 -24.02 60.99
 8.09 -23.69 60.65
 7.98 -23.35 60.34
 7.89 -23.00 60.04
 7.81 -22.66 59.72
 7.74 -22.33 59.37
 7.68 -22.03 58.99
 7.63 -21.75 58.58
 7.59 -21.49 58.17
 7.56 -21.26 57.79
 7.55 -21.02 57.44
 7.55 -21.02 57.44
 8.96 -9.28 51.35
 9.06 -8.94 51.29
 9.19 -8.60 51.24
 9.30 -8.26 51.22
 9.38 -7.93 51.24
 9.43 -7.60 51.30
 9.49 -7.27 51.37
 9.57 -6.92 51.43
 9.65 -6.57 51.49
 9.77 -6.22 51.52
 9.93 -5.87 51.56
 10.13 -5.53 51.60
 10.34 -5.18 51.65
 10.53 -4.83 51.70
 10.69 -4.48 51.78
 10.83 -4.12 51.88
 10.97 -3.76 52.04
 10.97 -3.76 52.04
 11.81 6.08 59.44
 11.75 6.23 59.64
 11.68 6.36 59.84
 11.61 6.48 60.07
 11.54 6.59 60.32
 11.44 6.69 60.59
 11.31 6.79 60.86
 11.16 6.91 61.10
 11.00 7.05 61.32
 10.83 7.20 61.50
 10.65 7.33 61.63
 10.48 7.44 61.72
 10.33 7.49 61.78
 10.21 7.48 61.86
 10.15 7.52 62.01
 10.13 7.54 62.16
 10.04 7.43 62.28
 10.04 7.43 62.28
 10.26 3.73 70.03
 10.32 3.76 70.46
 10.42 3.79 70.92
 10.56 3.81 71.39
 10.70 3.82 71.87
 10.83 3.82 72.33
 10.94 3.82 72.78
 11.02 3.82 73.21
 11.06 3.84 73.64
 11.10 3.87 74.08
 11.15 3.91 74.53
 11.21 3.94 74.98
 11.31 3.96 75.43
 11.44 3.98 75.86
 11.56 3.98 76.27
 11.65 3.97 76.67
 11.70 3.97 77.07
 11.70 3.97 77.07
 11.17 1.56 86.06
 11.12 1.42 86.21
 11.06 1.30 86.36
 10.99 1.19 86.51
 10.91 1.07 86.66
 10.83 0.94 86.80
 10.77 0.79 86.92
 10.76 0.63 87.01
 10.79 0.48 87.10
 10.84 0.35 87.18
 10.88 0.23 87.26
 10.88 0.12 87.36
 10.84 0.01 87.49
 10.75 -0.10 87.63
 10.62 -0.20 87.79
 10.47 -0.28 87.95
 10.34 -0.35 88.09
 10.34 -0.35 88.09
 9.85 -5.14 90.79
 9.88 -5.37 90.81
 9.91 -5.60 90.82
 9.90 -5.82 90.85
 9.84 -6.03 90.91
 9.76 -6.25 90.98
 9.69 -6.47 91.06
 9.63 -6.69 91.12
 9.58 -6.90 91.18
 9.53 -7.11 91.23
 9.45 -7.33 91.28
 9.32 -7.58 91.33
 9.16 -7.86 91.40
 8.99 -8.15 91.47
 8.86 -8.44 91.52
 8.79 -8.72 91.55
 8.79 -9.00 91.54
 8.79 -9.00 91.54
 6.99 -16.92 89.13
