 0.63 -5.50 5.22
 0.63 -5.50 5.22
 3.23 -1.00 7.55
 3.23 -1.21 7.47
 3.20 -1.35 7.39
 3.16 -1.44 7.29
 3.13 -1.50 7.18
 3.12 -1.52 7.05
 3.10 -1.53 6.89
 3.08 -1.51 6.71
 3.03 -1.47 6.51
 3.03 -1.47 6.51
 2.12 -2.07 3.04
 2.03 -2.13 2.95
 1.94 -2.21 2.83
 1.85 -2.29 2.71
 1.77 -2.39 2.60
 1.69 -2.50 2.52
 1.61 -2.59 2.46
 1.53 -2.67 2.42
 1.43 -2.74 2.39
 1.34 -2.80 2.38
 1.26 -2.85 2.38
 1.20 -2.92 2.36
 1.16 -3.01 2.31
 1.15 -3.13 2.22
 1.17 -3.28 2.11
 1.20 -3.44 2.00
 1.22 -3.59 1.92
 1.23 -3.72 1.85
 1.23 -3.72 1.85
 -0.12 -7.82 2.77
 -0.15 -8.08 3.15
 -0.19 -8.35 3.55
 -0.21 -8.66 3.95
 -0.18 -9.02 4.36
 -0.10 -9.42 4.77
 0.01 -9.83 5.20
 0.17 -10.23 5.64
 0.35 -10.57 6.09
 0.55 -10.87 6.56
 0.75 -11.13 7.03
 0.96 -11.37 7.51
 1.18 -11.59 8.01
 1.38 -11.79 8.53
 1.58 -11.97 9.06
 1.79 -12.13 9.61
 2.05 -12.28 10.16
 2.05 -12.28 10.16
 6.10 1.58 24.98
 5.31 2.35 24.87
 4.52 3.24 24.65
 3.92 4.23 24.27
 3.57 5.23 23.77
 3.43 6.15 23.23
 3.41 6.95 22.73
 3.38 7.60 22.28
 3.25 8.11 21.88
 2.96 8.52 21.52
 2.49 8.93 21.18
 1.85 9.45 20.85
 1.10 10.11 20.49
 0.36 10.87 20.09
 -0.21 11.71 19.62
 -0.52 12.55 19.09
 -0.61 13.31 18.53
 -0.61 13.31 18.53
 -2.86 18.40 -0.92
 -2.68 18.08 -1.56
 -2.43 17.70 -2.26
 -2.15 17.30 -3.02
 -1.92 16.88 -3.82
 -1.77 16.47 -4.62
 -1.69 16.07 -5.38
 -1.64 15.66 -6.09
 -1.60 15.25 -6.75
 -1.57 14.78 -7.38
 -1.56 14.24 -8.00
 -1.55 13.60 -8.60
 -1.52 12.91 -9.16
 -1.48 12.22 -9.66
 -1.38 11.58 -10.10
 -1.24 11.05 -10.49
 -1.24 11.05 -10.49
 2.03 -19.12 -10.97
 2.27 -20.33 -10.71
 2.57 -21.59 -10.45
 2.87 -22.86 -10.18
 3.14 -24.07 -9.87
 3.43 -25.21 -9.54
 3.72 -26.28 -9.14
 3.95 -27.27 -8.64
 4.12 -28.18 -8.04
 4.30 -28.97 -7.43
 4.58 -29.67 -6.91
 4.88 -30.30 -6.46
 5.19 -30.88 -6.08
 5.51 -31.43 -5.72
 5.81 -31.94 -5.34
 6.08 -32.38 -4.90
 6.08 -32.38 -4.90
 6.56 -27.17 6.63
 6.38 -27.10 6.68
 6.18 -27.05 6.72
 5.98 -27.05 6.75
 5.81 -27.10 6.76
 5.68 -27.19 6.75
 5.60 -27.30 6.72
 5.53 -27.40 6.71
 5.46 -27.49 6.70
 5.39 -27.54 6.70
 5.34 -27.55 6.70
 5.28 -27.52 6.69
 5.23 -27.46 6.68
 5.17 -27.39 6.67
 5.11 -27.33 6.66
 5.05 -27.26 6.66
 4.98 -27.20 6.65
 4.98 -27.20 6.65
 5.13 -27.21 7.17
 5.10 -27.21 7.18
 5.08 -27.24 7.18
 5.06 -27.30 7.19
 5.06 -27.35 7.20
 5.04 -27.41 7.20
 5.02 -27.45 7.21
 4.98 -27.48 7.23
 4.93 -27.48 7.26
 4.86 -27.48 7.29
 4.79 -27.51 7.28
 4.72 -27.57 7.25
 4.66 -27.65 7.22
 4.62 -27.73 7.19
 4.59 -27.80 7.17
 4.57 -27.84 7.15
 4.55 -27.85 7.14
 4.55 -27.85 7.14
 4.88 -27.81 6.71
 4.90 -27.78 6.65
 4.90 -27.76 6.60
 4.88 -27.74 6.55
 4.87 -27.73 6.51
 4.85 -27.74 6.47
 4.84 -27.76 6.43
 4.83 -27.79 6.39
 4.80 -27.83 6.35
 4.78 -27.86 6.34
 4.75 -27.89 6.34
 4.73 -27.92 6.37
 4.70 -27.93 6.40
