 -3.71 -18.79 18.59
 -3.71 -18.80 18.57
 -3.72 -18.81 18.55
 -3.73 -18.83 18.55
 -3.75 -18.85 18.55
 -3.78 -18.86 18.56
 -3.80 -18.87 18.56
 -3.81 -18.86 18.56
 -3.83 -18.85 18.55
 -3.83 -18.83 18.54
 -3.83 -18.83 18.53
 -3.84 -18.84 18.52
 -3.85 -18.86 18.51
 -3.86 -18.89 18.50
 -3.86 -18.89 18.50
 -4.81 -21.33 18.03
 -4.83 -22.02 18.24
 -4.75 -22.72 18.51
 -4.59 -23.40 18.81
 -4.40 -24.07 19.18
 -4.20 -24.70 19.62
 -4.02 -25.27 20.12
 -3.87 -25.79 20.67
 -3.72 -26.28 21.26
 -3.48 -26.75 21.89
 -3.13 -27.22 22.50
 -2.70 -27.71 23.12
 -2.23 -28.19 23.74
 -1.72 -28.65 24.35
 -1.11 -29.04 24.94
 -0.40 -29.37 25.53
 -0.40 -29.37 25.53
 7.67 -0.08 45.05
 6.65 0.69 44.90
 5.68 1.30 44.72
 4.70 1.84 44.52
 3.69 2.43 44.29
 2.61 3.13 44.04
 1.55 3.95 43.75
 0.58 4.84 43.36
 -0.24 5.72 42.85
 -0.90 6.51 42.25
 -1.38 7.17 41.60
 -1.74 7.75 40.95
 -2.08 8.28 40.34
 -2.30 8.55 39.89
 -2.58 8.43 39.54
 -2.94 8.59 39.14
 -3.49 8.76 38.81
 -3.49 8.76 38.81
 -4.48 8.63 21.62
 -4.27 8.35 20.64
 -4.04 8.02 19.67
 -3.79 7.65 18.75
 -3.50 7.32 17.87
 -3.20 7.02 17.02
 -2.93 6.73 16.16
 -2.70 6.43 15.27
 -2.55 6.06 14.34
 -2.50 5.61 13.36
 -2.54 5.06 12.37
 -2.63 4.40 11.40
 -2.69 3.68 10.47
 -2.67 2.90 9.61
 -2.53 2.07 8.82
 -2.28 1.22 8.09
 -1.98 0.28 7.39
 -1.65 -0.79 6.68
 -1.65 -0.79 6.68
 13.48 -58.40 12.32
 13.86 -58.55 12.65
 14.15 -58.52 13.05
 14.33 -58.28 13.49
 14.40 -57.90 13.98
 14.42 -57.45 14.47
 14.43 -57.01 14.90
 14.45 -56.61 15.25
 14.47 -56.28 15.52
 14.51 -56.02 15.72
 14.54 -55.79 15.86
 14.54 -55.56 16.02
 14.49 -55.30 16.19
 14.40 -55.01 16.37
 14.31 -54.71 16.55
 14.22 -54.41 16.75
 14.22 -54.41 16.75
 10.28 -48.29 19.14
 10.24 -48.16 19.21
 10.19 -48.04 19.29
 10.16 -47.94 19.37
 10.15 -47.85 19.45
 10.16 -47.79 19.49
 10.20 -47.75 19.49
 10.23 -47.74 19.47
 10.26 -47.76 19.43
 10.26 -47.79 19.38
 10.27 -47.81 19.33
 10.28 -47.83 19.28
 10.29 -47.83 19.26
 10.30 -47.83 19.25
 10.31 -47.83 19.24
 10.31 -47.83 19.23
 10.31 -47.83 19.23
 9.72 -46.53 19.52
 9.70 -46.51 19.55
 9.67 -46.50 19.58
 9.64 -46.50 19.59
 9.60 -46.49 19.59
 9.56 -46.49 19.59
 9.53 -46.48 19.59
 9.51 -46.46 19.61
 9.51 -46.45 19.65
 9.52 -46.43 19.69
 9.54 -46.42 19.72
 9.56 -46.38 19.73
 9.59 -46.34 19.72
 9.60 -46.30 19.70
 9.61 -46.27 19.68
 9.61 -46.25 19.68
 9.61 -46.25 19.68
 9.88 -45.77 19.81
 9.88 -45.78 19.82
 9.87 -45.77 19.85
 9.85 -45.71 19.87
 9.84 -45.63 19.90
 9.83 -45.55 19.92
 9.83 -45.48 19.95
 9.83 -45.41 19.97
 9.82 -45.34 20.00
 9.82 -45.28 20.02
 9.82 -45.20 20.04
 9.81 -45.12 20.06
 9.80 -45.03 20.08
 9.78 -44.93 20.11
 9.75 -44.82 20.16
 9.69 -44.71 20.23
 9.69 -44.71 20.23
 9.80 -40.91 22.58
 9.78 -40.87 22.60
 9.77 -40.83 22.61
 9.76 -40.81 22.63
 9.76 -40.81 22.63
 9.77 -40.83 22.61
 9.77 -40.86 22.58
 9.76 -40.87 22.56
 9.73 -40.86 22.56
 9.69 -40.85 22.57
 9.67 -40.82 22.59
 9.66 -40.79 22.61
 9.64 -40.75 22.63
