 5.01 2.39 -12.39
 4.40 4.90 -10.11
 3.58 5.07 -9.52
 2.84 5.23 -8.98
 2.30 5.43 -8.46
 2.04 5.69 -7.98
 2.06 5.99 -7.57
 2.24 6.28 -7.22
 2.49 6.57 -6.94
 2.69 6.86 -6.72
 2.80 7.09 -6.54
 2.85 7.26 -6.43
 2.88 7.34 -6.39
 2.87 7.31 -6.40
 2.90 7.22 -6.42
 2.99 7.07 -6.46
 3.13 6.88 -6.50
 3.31 6.64 -6.54
 3.52 6.37 -6.56
 3.52 6.37 -6.56
 10.92 -10.64 -8.24
 11.26 -11.43 -8.92
 11.59 -12.22 -9.63
 11.90 -13.00 -10.36
 12.18 -13.78 -11.10
 12.42 -14.55 -11.82
 12.60 -15.32 -12.55
 12.69 -16.08 -13.27
 12.69 -16.82 -13.99
 12.64 -17.54 -14.71
 12.57 -18.24 -15.45
 12.52 -18.92 -16.21
 12.49 -19.55 -16.97
 12.49 -20.15 -17.70
 12.50 -20.69 -18.40
 12.50 -20.69 -18.40
 10.69 -27.49 -39.41
 10.60 -27.22 -39.92
 10.44 -26.91 -40.40
 10.22 -26.58 -40.86
 9.99 -26.24 -41.27
 9.77 -25.91 -41.67
 9.55 -25.61 -42.03
 9.29 -25.34 -42.33
 9.02 -25.10 -42.60
 8.78 -24.89 -42.84
 8.57 -24.68 -43.07
 8.41 -24.46 -43.32
 8.34 -24.20 -43.62
 8.29 -23.91 -43.96
 8.25 -23.58 -44.36
 8.25 -23.58 -44.36
 6.32 -13.17 -56.78
 6.29 -12.75 -56.93
 6.26 -12.29 -57.05
 6.22 -11.79 -57.12
 6.25 -11.28 -57.18
 6.36 -10.76 -57.24
 6.52 -10.26 -57.33
 6.67 -9.79 -57.44
 6.78 -9.35 -57.58
 6.86 -8.93 -57.74
 6.89 -8.50 -57.89
 6.90 -8.05 -58.00
 6.93 -7.56 -58.07
 7.01 -7.05 -58.10
 7.11 -6.52 -58.11
 7.22 -6.01 -58.11
 7.22 -6.01 -58.11
 5.41 10.91 -51.02
 5.49 11.36 -50.76
 5.61 11.70 -50.53
 5.71 11.95 -50.31
 5.79 12.14 -50.08
 5.84 12.31 -49.84
 5.89 12.46 -49.58
 5.97 12.62 -49.31
 6.06 12.82 -49.03
 6.12 13.03 -48.77
 6.11 13.26 -48.51
 6.00 13.51 -48.26
 5.81 13.76 -47.97
 5.60 14.00 -47.61
 5.46 14.23 -47.17
 5.39 14.42 -46.65
 5.35 14.58 -46.11
 5.35 14.58 -46.11
 7.10 19.24 -33.34
 6.74 19.67 -32.74
 6.36 20.01 -32.19
 5.95 20.25 -31.71
 5.56 20.43 -31.31
 5.30 20.56 -30.94
 5.16 20.69 -30.57
 5.13 20.85 -30.22
 5.15 21.02 -29.87
 5.24 21.17 -29.53
 5.39 21.29 -29.20
 5.54 21.38 -28.88
 5.67 21.46 -28.55
 5.72 21.55 -28.22
 5.68 21.65 -27.88
 5.59 21.79 -27.53
 5.59 21.79 -27.53
 4.59 24.41 -16.52
 4.62 24.93 -16.19
 4.76 25.37 -15.81
 5.03 25.73 -15.41
 5.23 26.02 -15.11
 5.56 26.05 -14.72
 5.54 26.15 -14.56
 5.27 26.19 -14.38
 5.22 25.95 -14.16
 5.11 25.61 -13.93
 5.20 25.20 -13.59
 5.23 24.67 -13.17
 5.11 24.18 -12.79
 4.84 23.80 -12.43
 4.55 23.55 -12.08
 4.31 23.42 -11.77
 4.08 23.30 -11.27
 4.08 23.30 -11.27
 1.40 13.14 -10.36
 1.58 12.81 -10.34
 1.77 12.50 -10.32
 1.94 12.20 -10.31
 2.08 11.88 -10.33
 2.17 11.53 -10.36
 2.23 11.16 -10.41
 2.29 10.78 -10.46
 2.37 10.41 -10.49
 2.47 10.07 -10.49
 2.57 9.75 -10.47
 2.70 9.45 -10.43
 2.84 9.12 -10.41
 3.00 8.77 -10.42
 3.15 8.40 -10.48
 3.25 8.03 -10.59
 3.28 7.67 -10.70
 3.28 7.67 -10.70
 1.83 -1.19 -13.25
 1.77 -0.92 -13.15
 1.67 -0.66 -13.05
 1.51 -0.39 -12.94
 1.32 -0.14 -12.84
 1.14 0.10 -12.75
 1.03 0.31 -12.70
 1.02 0.50 -12.69
 1.10 0.68 -12.71
 1.19 0.87 -12.76
