 3.40 -4.18 -9.03
 3.50 -4.20 -9.09
 3.47 -4.23 -9.15
 3.36 -4.29 -9.20
 3.47 -4.29 -9.24
 3.94 -4.07 -9.26
 4.35 -3.76 -9.25
 4.48 -3.50 -9.21
 4.45 -3.22 -9.15
 4.36 -2.87 -9.07
 4.29 -2.53 -9.00
 4.29 -2.22 -8.93
 4.35 -1.96 -8.86
 4.44 -1.73 -8.80
 4.44 -1.73 -8.80
 5.34 -5.79 -6.27
 5.64 -6.40 -6.42
 5.90 -6.99 -6.62
 6.07 -7.56 -6.85
 6.13 -8.11 -7.09
 6.08 -8.64 -7.34
 5.94 -9.16 -7.58
 5.76 -9.67 -7.82
 5.60 -10.21 -8.07
 5.50 -10.77 -8.35
 5.50 -11.37 -8.65
 5.58 -12.00 -8.99
 5.72 -12.67 -9.35
 5.87 -13.36 -9.72
 5.97 -14.04 -10.07
 6.00 -14.70 -10.39
 5.95 -15.33 -10.68
 5.95 -15.33 -10.68
 3.70 -33.36 -30.55
 3.63 -33.59 -31.41
 3.45 -33.77 -32.19
 3.17 -33.90 -32.92
 2.81 -34.01 -33.57
 2.41 -34.10 -34.19
 2.06 -34.16 -34.82
 1.79 -34.23 -35.51
 1.61 -34.29 -36.26
 1.46 -34.36 -37.02
 1.33 -34.43 -37.80
 1.19 -34.48 -38.56
 1.04 -34.51 -39.27
 0.87 -34.51 -39.95
 0.67 -34.50 -40.61
 0.47 -34.52 -41.27
 0.47 -34.52 -41.27
 -2.33 -29.17 -59.72
 -2.22 -28.82 -60.11
 -2.12 -28.47 -60.52
 -2.01 -28.12 -60.95
 -1.88 -27.76 -61.39
 -1.75 -27.39 -61.83
 -1.62 -27.00 -62.25
 -1.49 -26.63 -62.65
 -1.35 -26.26 -63.03
 -1.18 -25.92 -63.39
 -0.99 -25.59 -63.73
 -0.80 -25.24 -64.06
 -0.62 -24.87 -64.36
 -0.46 -24.48 -64.65
 -0.32 -24.09 -64.93
 -0.32 -24.09 -64.93
 8.60 -7.24 -67.48
 8.76 -6.57 -67.36
 8.89 -5.96 -67.24
 9.03 -5.40 -67.13
 9.23 -4.88 -66.98
 9.45 -4.35 -66.79
 9.66 -3.81 -66.54
 9.83 -3.28 -66.25
 9.83 -3.28 -66.25
 10.49 4.95 -59.36
 10.64 5.10 -58.68
 10.76 5.32 -57.97
 10.84 5.57 -57.27
 10.89 5.82 -56.61
 10.92 6.01 -55.96
 10.94 6.15 -55.29
 10.97 6.29 -54.60
 10.95 6.45 -53.87
 10.84 6.64 -53.10
 10.64 6.86 -52.30
 10.39 7.10 -51.50
 10.15 7.33 -50.70
 9.94 7.53 -49.92
 9.80 7.69 -49.16
 9.73 7.83 -48.40
 9.73 7.83 -48.40
 11.08 6.68 -31.26
 11.18 6.71 -30.75
 11.23 6.72 -30.27
 11.25 6.72 -29.80
 11.26 6.74 -29.32
 11.27 6.77 -28.84
 11.33 6.79 -28.39
 11.41 6.80 -27.95
 11.41 6.80 -27.95
 10.69 5.31 -19.78
 10.63 5.14 -19.28
 10.58 5.00 -18.77
 10.56 4.86 -18.26
 10.54 4.72 -17.75
 10.51 4.59 -17.26
 10.45 4.45 -16.77
 10.35 4.32 -16.27
 10.22 4.21 -15.77
 10.09 4.11 -15.26
 9.99 4.02 -14.74
 9.93 3.92 -14.21
 9.89 3.82 -13.70
 9.85 3.72 -13.19
 9.79 3.64 -12.69
 9.68 3.57 -12.20
 9.52 3.52 -11.71
 9.52 3.52 -11.71
 5.40 -3.11 3.06
 5.25 -3.53 3.26
 5.12 -3.94 3.46
 5.04 -4.34 3.65
 5.00 -4.73 3.82
 4.94 -5.12 3.98
 4.83 -5.49 4.12
 4.67 -5.82 4.25
 4.49 -6.13 4.37
 4.31 -6.42 4.49
 4.13 -6.71 4.61
 3.96 -7.01 4.73
 3.81 -7.30 4.86
 3.68 -7.60 4.99
 3.58 -7.90 5.13
 3.48 -8.19 5.26
 3.37 -8.49 5.38
 3.25 -8.78 5.49
 3.25 -8.78 5.49
 -4.23 -23.66 7.91
 -4.62 -24.01 8.01
 -5.04 -24.34 8.13
 -5.47 -24.69 8.25
 -5.88 -25.03 8.36
 -6.25 -25.38 8.46
 -6.59 -25.75 8.55
 -6.90 -26.15 8.63
 -7.18 -26.56 8.70
 -7.44 -26.99 8.76
 -7.65 -27.40 8.81
 -7.82 -27.80 8.87
