 -9.16 -33.47 -75.60
 -8.98 -33.19 -75.13
 -8.72 -32.80 -74.63
 -8.38 -32.30 -74.11
 -7.95 -31.71 -73.59
 -7.45 -31.05 -73.05
 -6.88 -30.35 -72.50
 -6.26 -29.64 -71.93
 -5.55 -28.97 -71.38
 -4.73 -28.38 -70.86
 -3.84 -27.89 -70.40
 -2.97 -27.51 -70.01
 -2.97 -27.51 -70.01
 -0.02 -29.84 -65.41
 -0.47 -29.85 -65.55
 -0.90 -29.85 -65.76
 -1.29 -29.84 -66.04
 -1.65 -29.83 -66.38
 -1.97 -29.81 -66.74
 -2.28 -29.79 -67.12
 -2.54 -29.77 -67.52
 -2.74 -29.74 -67.94
 -2.87 -29.69 -68.36
 -2.94 -29.64 -68.77
 -2.97 -29.59 -69.14
 -2.97 -29.53 -69.48
 -2.96 -29.48 -69.80
 -2.94 -29.40 -70.10
 -2.94 -29.40 -70.10
 -5.47 -32.37 -67.79
 -4.77 -32.65 -66.14
 -3.98 -32.83 -64.45
 -3.03 -32.89 -62.77
 -1.95 -32.79 -61.12
 -0.87 -32.47 -59.50
 0.09 -31.92 -57.88
 0.98 -31.13 -56.24
 1.99 -30.08 -54.64
 3.27 -28.80 -53.11
 4.81 -27.32 -51.63
 6.50 -25.66 -50.21
 8.09 -23.79 -48.79
 9.39 -21.79 -47.38
 10.32 -19.71 -46.06
 10.32 -19.71 -46.06
 8.63 16.46 -51.53
 8.99 16.83 -52.08
 9.32 17.17 -52.72
 9.60 17.46 -53.42
 9.87 17.72 -54.16
 10.18 17.93 -54.91
 10.55 18.06 -55.68
 10.97 18.12 -56.48
 11.35 18.15 -57.35
 11.59 18.15 -58.33
 11.65 18.13 -59.42
 11.63 18.07 -60.57
 11.69 17.96 -61.69
 11.90 17.84 -62.72
 12.15 17.70 -63.71
 12.32 17.57 -64.68
 12.32 17.57 -64.68
 -3.94 -20.51 -75.78
 -4.58 -21.43 -74.66
 -5.08 -22.25 -73.58
 -5.45 -22.99 -72.51
 -5.78 -23.68 -71.47
 -6.09 -24.33 -70.47
 -6.40 -24.93 -69.53
 -6.70 -25.49 -68.67
 -6.88 -26.02 -67.92
 -6.88 -26.51 -67.28
 -6.74 -26.99 -66.67
 -6.56 -27.43 -66.07
 -6.47 -27.83 -65.41
 -6.51 -28.19 -64.70
 -6.67 -28.53 -63.93
 -6.67 -28.53 -63.93
 -5.18 -28.72 -59.30
 -5.17 -28.70 -59.29
 -5.17 -28.72 -59.25
 -5.14 -28.76 -59.18
 -5.09 -28.82 -59.13
 -5.02 -28.90 -59.09
 -4.95 -28.97 -59.06
 -4.95 -28.97 -59.06
 -3.84 -28.67 -59.44
 -3.76 -28.60 -59.49
 -3.65 -28.53 -59.56
 -3.52 -28.45 -59.66
 -3.38 -28.37 -59.76
 -3.25 -28.29 -59.86
 -3.13 -28.22 -59.96
 -3.02 -28.16 -60.05
 -2.92 -28.12 -60.15
 -2.86 -28.08 -60.23
 -2.84 -28.04 -60.28
 -2.85 -28.02 -60.31
 -2.89 -28.02 -60.32
 -2.95 -28.05 -60.31
 -3.00 -28.11 -60.30
 -3.00 -28.11 -60.30
 -2.53 -28.77 -60.70
 -2.47 -28.77 -60.71
 -2.43 -28.77 -60.72
 -2.38 -28.74 -60.74
 -2.34 -28.71 -60.77
 -2.30 -28.69 -60.80
 -2.26 -28.67 -60.82
 -2.22 -28.67 -60.83
 -2.20 -28.68 -60.83
 -2.21 -28.69 -60.80
 -2.22 -28.69 -60.78
 -2.23 -28.70 -60.78
 -2.22 -28.72 -60.78
 -2.20 -28.74 -60.80
 -2.18 -28.77 -60.82
 -2.18 -28.77 -60.82
 -1.60 -29.43 -60.91
 -1.57 -29.41 -60.91
 -1.54 -29.38 -60.90
 -1.51 -29.36 -60.90
 -1.47 -29.34 -60.90
 -1.44 -29.34 -60.90
 -1.41 -29.34 -60.93
 -1.39 -29.35 -60.97
 -1.37 -29.34 -61.01
 -1.37 -29.32 -61.04
 -1.38 -29.30 -61.05
 -1.39 -29.28 -61.04
 -1.40 -29.27 -61.01
 -1.38 -29.28 -60.98
 -1.35 -29.31 -60.95
 -1.35 -29.31 -60.95
 -1.47 -29.79 -61.55
 -1.45 -29.81 -61.58
 -1.42 -29.82 -61.61
 -1.39 -29.82 -61.65
 -1.39 -29.82 -61.66
 -1.41 -29.81 -61.67
 -1.42 -29.80 -61.68
 -1.42 -29.81 -61.69
 -1.42 -29.81 -61.71
 -1.41 -29.83 -61.72
 -1.40 -29.86 -61.72
 -1.39 -29.88 -61.73
 -1.39 -29.90 -61.72
 -1.40 -29.92 -61.70
 -1.42 -29.94 -61.68
 -1.42 -29.94 -61.68
