 -8.27 -28.70 -45.99
 -8.26 -28.73 -46.04
 -8.24 -28.75 -46.08
 -8.21 -28.76 -46.09
 -8.18 -28.76 -46.10
 -8.14 -28.76 -46.09
 -8.10 -28.75 -46.08
 -8.08 -28.73 -46.05
 -8.08 -28.70 -46.01
 -8.10 -28.66 -45.96
 -8.11 -28.60 -45.91
 -8.10 -28.56 -45.86
 -8.08 -28.53 -45.81
 -8.08 -28.53 -45.81
 -7.20 -28.13 -45.34
 -7.20 -28.15 -45.33
 -7.20 -28.16 -45.32
 -7.20 -28.17 -45.31
 -7.20 -28.17 -45.30
 -7.20 -28.17 -45.30
 -7.21 -28.17 -45.30
 -7.23 -28.17 -45.29
 -7.26 -28.17 -45.29
 -7.29 -28.18 -45.27
 -7.30 -28.19 -45.26
 -7.30 -28.20 -45.25
 -7.27 -28.22 -45.26
 -7.23 -28.24 -45.26
 -7.22 -28.27 -45.27
 -7.22 -28.27 -45.27
 -2.08 -28.33 -36.39
 -1.26 -27.99 -35.84
 -0.33 -27.59 -35.36
 0.75 -27.16 -34.99
 1.92 -26.76 -34.71
 3.09 -26.41 -34.42
 4.26 -26.05 -34.08
 5.46 -25.60 -33.67
 6.80 -24.99 -33.19
 8.25 -24.23 -32.61
 9.69 -23.32 -31.91
 10.92 -22.24 -31.04
 11.92 -20.92 -30.09
 12.65 -19.28 -29.10
 13.22 -17.33 -28.15
 13.22 -17.33 -28.15
 21.48 24.35 -34.39
 22.24 23.75 -35.68
 22.90 22.95 -37.15
 23.52 22.02 -38.74
 24.21 21.05 -40.39
 24.89 20.13 -42.05
 25.56 19.33 -43.60
 26.32 18.70 -44.95
 27.18 18.27 -46.13
 28.06 17.96 -47.21
 28.82 17.68 -48.27
 29.41 17.32 -49.39
 29.84 16.83 -50.56
 30.17 16.19 -51.78
 30.45 15.38 -53.00
 30.72 14.45 -54.22
 30.72 14.45 -54.22
 16.90 -27.33 -59.64
 16.38 -28.31 -58.80
 15.90 -29.20 -57.99
 15.44 -30.01 -57.20
 15.00 -30.81 -56.45
 14.54 -31.58 -55.71
 14.07 -32.25 -54.95
 13.62 -32.75 -54.15
 13.19 -33.01 -53.28
 12.77 -33.02 -52.31
 12.43 -32.88 -51.33
 12.24 -32.69 -50.44
 12.10 -32.55 -49.69
 11.89 -32.50 -49.04
 11.60 -32.52 -48.47
 11.60 -32.52 -48.47
 3.29 -29.40 -42.34
 3.19 -29.37 -42.34
 3.11 -29.33 -42.32
 3.06 -29.31 -42.27
 3.01 -29.28 -42.21
 2.96 -29.25 -42.16
 2.93 -29.22 -42.12
 2.94 -29.20 -42.13
 2.97 -29.18 -42.17
 3.01 -29.17 -42.25
 3.03 -29.16 -42.32
 3.00 -29.15 -42.37
 2.96 -29.14 -42.38
 2.91 -29.14 -42.37
 2.89 -29.13 -42.34
 2.90 -29.13 -42.30
 2.90 -29.13 -42.30
 4.33 -29.15 -42.32
 4.33 -29.18 -42.32
 4.33 -29.24 -42.32
 4.32 -29.30 -42.31
 4.31 -29.36 -42.32
 4.30 -29.40 -42.33
 4.28 -29.43 -42.34
 4.26 -29.43 -42.34
 4.23 -29.41 -42.34
 4.22 -29.38 -42.33
 4.21 -29.36 -42.31
 4.21 -29.35 -42.29
 4.20 -29.35 -42.26
 4.18 -29.37 -42.22
 4.18 -29.40 -42.20
 4.21 -29.45 -42.20
 4.21 -29.45 -42.20
 4.06 -30.11 -42.34
 4.06 -30.14 -42.34
 4.04 -30.16 -42.35
 4.00 -30.18 -42.36
 3.96 -30.18 -42.36
 3.93 -30.18 -42.38
 3.90 -30.17 -42.39
 3.88 -30.17 -42.41
 3.88 -30.17 -42.42
 3.89 -30.19 -42.42
 3.89 -30.21 -42.42
 3.88 -30.24 -42.42
 3.87 -30.26 -42.42
 3.87 -30.27 -42.42
 3.89 -30.29 -42.41
 3.89 -30.29 -42.41
 4.50 -30.93 -42.54
 4.51 -30.94 -42.53
 4.53 -30.96 -42.52
 4.56 -30.98 -42.52
 4.60 -31.01 -42.51
 4.63 -31.05 -42.51
 4.64 -31.08 -42.52
 4.65 -31.12 -42.52
 4.64 -31.14 -42.52
 4.63 -31.17 -42.52
 4.61 -31.19 -42.52
 4.60 -31.21 -42.52
 4.59 -31.22 -42.53
 4.59 -31.22 -42.54
 4.60 -31.21 -42.54
 4.61 -31.21 -42.55
 4.61 -31.21 -42.55
 4.68 -31.42 -42.64
 4.69 -31.42 -42.64
 4.70 -31.42 -42.64
 4.71 -31.41 -42.64
