 -3.39 2.73 -10.27
 -3.43 2.70 -10.31
 -3.48 2.66 -10.34
 -3.52 2.63 -10.38
 -3.53 2.62 -10.41
 -3.53 2.63 -10.44
 -3.52 2.65 -10.46
 -3.52 2.67 -10.48
 -3.53 2.69 -10.47
 -3.56 2.69 -10.45
 -3.60 2.68 -10.44
 -3.62 2.65 -10.44
 -3.64 2.62 -10.47
 -3.65 2.59 -10.52
 -3.65 2.56 -10.56
 -3.65 2.54 -10.59
 -3.65 2.54 -10.59
 -4.48 -2.63 -12.53
 -4.43 -4.38 -12.77
 -4.39 -6.30 -12.89
 -4.32 -8.39 -12.93
 -4.16 -10.66 -12.92
 -3.91 -13.06 -12.88
 -3.68 -15.53 -12.79
 -3.51 -17.98 -12.63
 -3.38 -20.27 -12.39
 -3.23 -22.32 -12.10
 -3.04 -24.15 -11.70
 -2.90 -25.77 -11.14
 -2.81 -27.20 -10.42
 -2.76 -28.46 -9.58
 -2.68 -29.55 -8.70
 -2.68 -29.55 -8.70
 7.42 -13.35 29.57
 6.29 -11.22 29.93
 5.11 -8.91 30.03
 3.92 -6.38 29.93
 2.73 -3.71 29.62
 1.51 -1.13 29.07
 0.20 1.22 28.23
 -1.24 3.28 27.14
 -2.66 5.12 25.84
 -3.79 6.79 24.39
 -4.21 8.17 22.92
 -3.57 7.58 22.14
 -4.84 7.03 20.88
 -6.06 7.40 19.50
 -6.84 7.90 18.25
 -7.96 8.04 17.11
 -9.33 8.18 16.00
 -9.33 8.18 16.00
 -9.55 5.43 -14.15
 -8.81 4.61 -15.08
 -8.09 3.89 -16.07
 -7.45 3.23 -17.14
 -6.90 2.56 -18.27
 -6.44 1.82 -19.42
 -6.03 1.02 -20.51
 -5.63 0.19 -21.48
 -5.23 -0.63 -22.33
 -4.82 -1.38 -23.08
 -4.47 -2.04 -23.75
 -4.22 -2.60 -24.38
 -4.08 -3.11 -25.00
 -4.00 -3.63 -25.64
 -3.88 -4.25 -26.33
 -3.69 -4.98 -27.08
 -3.69 -4.98 -27.08
 3.44 -45.12 -20.44
 3.70 -44.46 -19.06
 3.84 -43.65 -17.76
 3.96 -42.76 -16.60
 4.17 -41.87 -15.68
 4.47 -41.07 -15.01
 4.79 -40.46 -14.52
 5.11 -40.11 -14.17
 5.38 -40.01 -13.87
 5.57 -40.12 -13.58
 5.70 -40.37 -13.32
 5.78 -40.70 -13.10
 5.82 -41.07 -12.90
 5.86 -41.39 -12.71
 5.93 -41.63 -12.57
 6.05 -41.76 -12.44
 6.05 -41.76 -12.44
 6.13 -40.48 -12.58
 6.14 -40.48 -12.59
 6.14 -40.49 -12.60
 6.14 -40.52 -12.61
 6.15 -40.54 -12.63
 6.16 -40.57 -12.64
 6.17 -40.61 -12.65
 6.18 -40.64 -12.66
 6.19 -40.68 -12.67
 6.19 -40.71 -12.69
 6.21 -40.75 -12.74
 6.22 -40.77 -12.77
 6.20 -40.77 -12.79
 6.16 -40.76 -12.79
 6.12 -40.75 -12.79
 6.12 -40.75 -12.79
 6.75 -40.94 -13.07
 6.76 -40.92 -13.07
 6.76 -40.90 -13.07
 6.77 -40.89 -13.06
 6.81 -40.89 -13.07
 6.85 -40.89 -13.09
 6.88 -40.91 -13.11
 6.88 -40.94 -13.14
 6.88 -40.95 -13.16
 6.88 -40.95 -13.17
 6.89 -40.95 -13.17
 6.90 -40.93 -13.16
 6.92 -40.89 -13.14
 6.94 -40.86 -13.13
 6.96 -40.82 -13.12
 7.00 -40.81 -13.12
 7.00 -40.81 -13.12
 7.74 -40.34 -13.46
 7.76 -40.35 -13.46
 7.77 -40.35 -13.45
 7.78 -40.32 -13.45
 7.78 -40.28 -13.44
 7.80 -40.24 -13.45
 7.81 -40.20 -13.47
 7.81 -40.16 -13.49
 7.81 -40.13 -13.50
 7.80 -40.11 -13.50
 7.79 -40.09 -13.50
 7.79 -40.08 -13.48
 7.80 -40.07 -13.47
 7.82 -40.08 -13.46
 7.85 -40.09 -13.47
 7.88 -40.11 -13.49
 7.88 -40.11 -13.49
 8.57 -40.56 -13.67
 8.59 -40.56 -13.66
 8.63 -40.57 -13.65
 8.68 -40.61 -13.65
 8.72 -40.66 -13.66
 8.76 -40.75 -13.67
 8.80 -40.85 -13.68
 8.85 -40.96 -13.68
 8.92 -41.05 -13.68
 9.00 -41.12 -13.68
 9.06 -41.15 -13.68
 9.10 -41.15 -13.67
 9.10 -41.12 -13.65
 9.09 -41.07 -13.63
 9.08 -41.00 -13.62
