 5.38 2.94 -18.86
 5.23 6.68 -18.72
 5.37 7.02 -18.65
 5.41 7.37 -18.58
 5.40 7.72 -18.51
 5.36 8.03 -18.46
 5.36 8.27 -18.43
 5.44 8.43 -18.43
 5.60 8.50 -18.47
 5.83 8.47 -18.51
 5.83 8.47 -18.51
 10.54 4.49 -19.17
 10.95 4.09 -19.52
 11.34 3.68 -19.88
 11.72 3.22 -20.25
 12.12 2.67 -20.61
 12.55 2.04 -20.96
 12.95 1.38 -21.33
 13.29 0.70 -21.73
 13.56 0.03 -22.15
 13.80 -0.60 -22.60
 14.01 -1.17 -23.06
 14.22 -1.68 -23.52
 14.41 -2.12 -23.98
 14.59 -2.54 -24.43
 14.74 -2.94 -24.87
 14.89 -3.35 -25.29
 14.89 -3.35 -25.29
 12.68 -18.32 -38.09
 12.43 -18.38 -38.50
 12.17 -18.45 -38.91
 11.97 -18.58 -39.34
 11.83 -18.79 -39.79
 11.75 -19.09 -40.26
 11.71 -19.43 -40.76
 11.70 -19.77 -41.30
 11.70 -20.08 -41.86
 11.70 -20.34 -42.44
 11.69 -20.53 -43.00
 11.67 -20.66 -43.54
 11.66 -20.76 -44.09
 11.69 -20.85 -44.64
 11.76 -20.96 -45.21
 11.76 -20.96 -45.21
 12.61 -16.24 -60.17
 12.75 -15.85 -60.36
 12.88 -15.47 -60.55
 13.04 -15.09 -60.75
 13.21 -14.74 -60.94
 13.42 -14.41 -61.12
 13.66 -14.11 -61.29
 13.94 -13.85 -61.47
 14.22 -13.60 -61.63
 14.45 -13.34 -61.74
 14.65 -13.03 -61.81
 14.84 -12.69 -61.86
 14.99 -12.31 -61.89
 15.11 -11.91 -61.88
 15.23 -11.49 -61.85
 15.23 -11.49 -61.85
 21.15 5.49 -54.40
 21.26 5.87 -54.21
 21.36 6.23 -54.02
 21.44 6.60 -53.81
 21.49 7.00 -53.51
 21.53 7.42 -53.16
 21.58 7.85 -52.77
 21.63 8.26 -52.38
 21.67 8.62 -51.99
 21.72 8.92 -51.62
 21.76 9.17 -51.27
 21.81 9.41 -50.92
 21.86 9.64 -50.56
 21.91 9.89 -50.19
 21.96 10.15 -49.81
 22.03 10.39 -49.45
 22.03 10.39 -49.45
 20.76 14.37 -36.65
 20.61 14.55 -36.21
 20.55 14.72 -35.76
 20.55 14.88 -35.32
 20.56 15.00 -34.92
 20.52 15.10 -34.56
 20.45 15.19 -34.23
 20.35 15.29 -33.92
 20.26 15.39 -33.59
 20.18 15.50 -33.25
 20.10 15.59 -32.90
 20.00 15.64 -32.57
 19.87 15.66 -32.26
 19.69 15.65 -31.96
 19.49 15.62 -31.67
 19.30 15.61 -31.37
 19.30 15.61 -31.37
 14.93 16.22 -22.16
 14.63 16.06 -22.10
 14.33 15.92 -22.04
 14.02 15.84 -21.98
 13.71 15.79 -21.92
 13.44 15.78 -21.86
 13.21 15.76 -21.79
 13.06 15.72 -21.73
 12.95 15.67 -21.66
 12.84 15.61 -21.58
 12.72 15.57 -21.48
 12.60 15.54 -21.35
 12.45 15.53 -21.20
 12.27 15.53 -21.04
 12.08 15.53 -20.86
 11.71 15.42 -20.48
 11.71 15.42 -20.48
 9.29 10.40 -12.98
 9.30 10.30 -12.90
 9.32 10.18 -12.80
 9.34 10.07 -12.70
 9.36 9.95 -12.61
 9.37 9.85 -12.53
 9.39 9.77 -12.45
 9.43 9.70 -12.39
 9.43 9.70 -12.39
 9.57 6.90 -12.30
 9.44 6.74 -12.35
 9.30 6.58 -12.39
 9.15 6.42 -12.45
 9.02 6.26 -12.53
 8.94 6.09 -12.61
 8.90 5.91 -12.69
 8.90 5.71 -12.76
 8.95 5.50 -12.84
 9.01 5.27 -12.94
 9.03 5.04 -13.05
 8.99 4.81 -13.18
 8.93 4.57 -13.30
 8.84 4.33 -13.41
 8.74 4.09 -13.49
 8.64 3.86 -13.55
 8.55 3.63 -13.59
 8.55 3.63 -13.59
 6.35 -4.06 -15.53
 6.24 -4.20 -15.69
 6.11 -4.33 -15.82
 5.98 -4.45 -15.93
 5.91 -4.57 -16.02
 5.90 -4.70 -16.10
 5.95 -4.85 -16.19
 6.03 -5.02 -16.29
 6.10 -5.22 -16.41
 6.19 -5.44 -16.54
 6.30 -5.63 -16.70
 6.40 -5.79 -16.88
