 -7.66 -14.08 -48.20
 -8.00 -14.22 -48.19
 -8.37 -14.29 -48.20
 -8.77 -14.28 -48.25
 -9.20 -14.23 -48.35
 -9.63 -14.16 -48.47
 -10.02 -14.07 -48.61
 -10.40 -13.96 -48.74
 -10.77 -13.84 -48.84
 -11.12 -13.75 -48.90
 -11.38 -13.71 -48.94
 -11.54 -13.73 -48.95
 -11.54 -13.73 -48.95
 -12.45 -19.22 -45.47
 -12.19 -19.46 -45.50
 -12.06 -19.67 -45.50
 -11.98 -19.81 -45.48
 -11.89 -19.88 -45.44
 -11.81 -19.89 -45.36
 -11.67 -19.84 -45.26
 -11.39 -19.75 -45.14
 -10.97 -19.67 -44.97
 -10.41 -19.61 -44.73
 -9.62 -19.52 -44.44
 -8.63 -19.47 -44.00
 -7.71 -19.52 -43.28
 -6.89 -19.59 -42.29
 -6.89 -19.59 -42.29
 10.32 16.33 -27.63
 10.19 16.46 -28.62
 10.13 16.48 -29.74
 10.08 16.42 -30.95
 10.06 16.29 -32.19
 10.19 16.14 -33.40
 10.49 15.99 -34.56
 10.81 15.84 -35.73
 11.08 15.64 -36.94
 11.30 15.39 -38.15
 10.03 15.14 -37.86
 10.53 14.58 -37.50
 11.37 13.94 -38.22
 11.91 13.16 -39.53
 12.33 12.39 -40.98
 12.83 11.70 -42.47
 12.83 11.70 -42.47
 13.02 -48.78 -54.86
 14.64 -48.42 -52.19
 16.21 -48.10 -50.00
 17.61 -47.91 -48.47
 18.79 -47.85 -47.55
 19.61 -47.79 -46.91
 19.94 -47.59 -46.29
 19.89 -47.21 -45.66
 19.59 -46.64 -45.05
 19.17 -45.91 -44.56
 18.79 -45.08 -44.26
 18.48 -44.20 -44.14
 18.19 -43.31 -44.15
 17.84 -42.50 -44.19
 17.42 -41.83 -44.25
 17.42 -41.83 -44.25
 5.72 -38.63 -47.75
 5.68 -38.59 -47.74
 5.63 -38.54 -47.75
 5.56 -38.50 -47.75
 5.49 -38.44 -47.77
 5.41 -38.36 -47.77
 5.31 -38.29 -47.73
 5.24 -38.24 -47.68
 5.25 -38.15 -47.65
 5.32 -37.99 -47.64
 5.41 -37.81 -47.65
 5.46 -37.65 -47.66
 5.47 -37.55 -47.68
 5.42 -37.50 -47.70
 5.34 -37.49 -47.72
 5.25 -37.49 -47.75
 5.25 -37.49 -47.75
 4.98 -36.10 -47.75
 4.92 -36.08 -47.76
 4.86 -36.07 -47.77
 4.81 -36.05 -47.78
 4.78 -36.03 -47.77
 4.75 -36.01 -47.75
 4.72 -35.99 -47.72
 4.66 -35.97 -47.70
 4.63 -35.95 -47.70
 4.62 -35.93 -47.73
 4.64 -35.90 -47.78
 4.67 -35.88 -47.81
 4.68 -35.87 -47.83
 4.67 -35.84 -47.82
 4.66 -35.82 -47.79
 4.65 -35.79 -47.75
 4.65 -35.79 -47.75
 4.41 -34.90 -47.41
 4.42 -34.88 -47.39
 4.42 -34.84 -47.38
 4.40 -34.80 -47.37
 4.39 -34.75 -47.37
 4.38 -34.71 -47.38
 4.38 -34.67 -47.37
 4.38 -34.63 -47.36
 4.39 -34.61 -47.34
 4.40 -34.59 -47.31
 4.41 -34.59 -47.29
 4.41 -34.59 -47.28
 4.42 -34.59 -47.27
 4.43 -34.57 -47.27
 4.46 -34.55 -47.26
 4.50 -34.53 -47.26
 4.50 -34.53 -47.26
 4.26 -34.32 -47.22
 4.26 -34.31 -47.22
 4.25 -34.31 -47.21
 4.23 -34.31 -47.21
 4.22 -34.32 -47.22
 4.20 -34.34 -47.22
 4.19 -34.35 -47.23
 4.19 -34.37 -47.23
 4.20 -34.38 -47.23
 4.21 -34.38 -47.23
 4.23 -34.37 -47.23
 4.25 -34.36 -47.23
 4.28 -34.35 -47.24
 4.30 -34.33 -47.27
 4.30 -34.32 -47.29
 4.28 -34.32 -47.30
 4.28 -34.32 -47.30
 4.29 -34.14 -47.15
 4.30 -34.13 -47.14
 4.33 -34.12 -47.15
 4.35 -34.11 -47.17
 4.35 -34.10 -47.18
 4.34 -34.10 -47.18
 4.32 -34.09 -47.18
 4.31 -34.09 -47.18
 4.31 -34.09 -47.18
 4.30 -34.10 -47.17
 4.30 -34.10 -47.18
 4.32 -34.10 -47.18
 4.35 -34.10 -47.19
 4.37 -34.09 -47.18
 4.37 -34.09 -47.17
 4.37 -34.09 -47.17
 4.39 -33.93 -47.11
 4.38 -33.92 -47.13
 4.37 -33.90 -47.14
 4.37 -33.88 -47.15
 4.37 -33.86 -47.15
