 1.70 3.14 -10.37
 2.64 8.10 -10.57
 2.77 8.01 -10.41
 3.05 8.05 -10.31
 3.40 8.22 -10.32
 3.75 8.45 -10.45
 4.03 8.66 -10.72
 4.24 8.83 -11.10
 4.42 8.94 -11.54
 4.58 8.96 -11.98
 4.70 8.89 -12.39
 4.76 8.72 -12.75
 4.75 8.46 -13.05
 4.69 8.15 -13.32
 4.61 7.82 -13.59
 4.52 7.50 -13.85
 4.41 7.22 -14.10
 4.32 6.98 -14.34
 4.32 6.98 -14.34
 4.07 -11.07 -18.33
 3.80 -11.52 -18.74
 3.58 -11.97 -19.15
 3.42 -12.43 -19.57
 3.30 -12.92 -20.01
 3.19 -13.43 -20.45
 3.06 -13.93 -20.89
 2.91 -14.41 -21.34
 2.76 -14.88 -21.78
 2.62 -15.32 -22.23
 2.50 -15.74 -22.69
 2.39 -16.13 -23.17
 2.27 -16.52 -23.66
 2.17 -16.93 -24.16
 2.07 -17.35 -24.68
 1.98 -17.79 -25.21
 1.98 -17.79 -25.21
 0.42 -24.83 -52.71
 0.49 -24.68 -53.63
 0.55 -24.51 -54.55
 0.59 -24.33 -55.46
 0.61 -24.11 -56.34
 0.63 -23.86 -57.20
 0.63 -23.60 -58.03
 0.64 -23.34 -58.81
 0.66 -23.08 -59.56
 0.69 -22.83 -60.28
 0.73 -22.60 -60.96
 0.78 -22.35 -61.60
 0.82 -22.09 -62.21
 0.84 -21.80 -62.78
 0.87 -21.49 -63.34
 0.91 -21.16 -63.88
 0.91 -21.16 -63.88
 9.20 -7.37 -70.11
 9.56 -6.87 -69.84
 9.93 -6.38 -69.57
 10.31 -5.89 -69.27
 10.67 -5.43 -68.95
 11.01 -5.00 -68.62
 11.35 -4.62 -68.29
 11.70 -4.28 -67.97
 12.08 -3.98 -67.66
 12.50 -3.70 -67.39
 12.93 -3.40 -67.12
 13.34 -3.07 -66.83
 13.71 -2.73 -66.53
 14.06 -2.38 -66.21
 14.37 -2.07 -65.88
 14.65 -1.80 -65.56
 14.65 -1.80 -65.56
 16.87 6.37 -56.04
 16.79 6.55 -55.72
 16.71 6.73 -55.41
 16.62 6.90 -55.11
 16.52 7.04 -54.82
 16.43 7.17 -54.54
 16.35 7.31 -54.25
 16.25 7.46 -53.91
 16.11 7.61 -53.53
 15.92 7.76 -53.12
 15.69 7.88 -52.71
 15.46 7.96 -52.30
 15.24 8.01 -51.91
 15.06 8.03 -51.55
 14.93 8.01 -51.23
 14.83 7.99 -50.94
 14.83 7.99 -50.94
 11.16 7.40 -42.58
 10.90 7.61 -42.25
 10.67 7.82 -41.95
 10.55 7.96 -41.73
 10.47 8.01 -41.62
 10.45 7.94 -41.55
 10.42 7.70 -41.59
 10.29 7.33 -41.64
 10.29 7.04 -41.62
 10.48 6.82 -41.53
 10.62 6.62 -41.46
 10.69 6.41 -41.45
 10.56 6.21 -41.43
 10.39 6.16 -41.26
 10.28 6.25 -41.05
 10.19 6.41 -40.87
 10.19 6.41 -40.87
 7.66 7.25 -26.92
 7.66 7.29 -26.52
 7.65 7.32 -26.12
 7.62 7.35 -25.72
 7.58 7.35 -25.32
 7.53 7.34 -24.92
 7.47 7.30 -24.54
 7.40 7.25 -24.16
 7.35 7.19 -23.78
 7.30 7.13 -23.41
 7.24 7.09 -23.03
 7.17 7.06 -22.65
 7.07 7.03 -22.27
 6.95 6.99 -21.89
 6.83 6.94 -21.51
 6.71 6.87 -21.14
 6.59 6.77 -20.77
 6.59 6.77 -20.77
 4.27 -2.83 -13.09
 4.24 -3.22 -13.04
 4.22 -3.62 -12.99
 4.20 -4.02 -12.96
 4.19 -4.42 -12.93
 4.18 -4.79 -12.90
 4.15 -5.15 -12.88
 4.12 -5.47 -12.85
 4.05 -5.76 -12.82
 3.96 -6.04 -12.80
 3.83 -6.29 -12.79
 3.68 -6.55 -12.78
 3.53 -6.79 -12.76
 3.40 -7.03 -12.73
 3.28 -7.26 -12.71
 3.18 -7.48 -12.67
 3.18 -7.48 -12.67
 0.21 -19.38 -13.12
 0.15 -19.55 -13.11
 0.08 -19.72 -13.09
 0.03 -19.88 -13.06
 -0.01 -20.03 -13.02
 -0.03 -20.17 -12.98
 -0.04 -20.32 -12.94
 -0.04 -20.46 -12.90
 -0.05 -20.58 -12.86
 -0.07 -20.67 -12.82
 -0.07 -20.71 -12.80
