 8.58 -5.06 111.70
 8.80 -5.78 111.46
 9.00 -6.50 111.23
 9.17 -7.23 111.02
 9.29 -7.97 110.84
 9.35 -8.70 110.68
 9.37 -9.44 110.55
 9.35 -10.18 110.43
 9.31 -10.91 110.30
 9.32 -11.63 110.15
 9.40 -12.34 109.93
 9.57 -13.04 109.64
 9.81 -13.75 109.27
 9.81 -13.75 109.27
 12.83 -30.49 90.66
 12.98 -30.81 89.75
 13.04 -31.12 88.90
 13.00 -31.40 88.14
 12.87 -31.62 87.49
 12.70 -31.80 86.91
 12.54 -31.99 86.35
 12.42 -32.20 85.76
 12.36 -32.45 85.10
 12.35 -32.73 84.37
 12.36 -33.00 83.59
 12.38 -33.23 82.79
 12.41 -33.44 81.95
 12.41 -33.63 81.11
 12.34 -33.78 80.29
 12.34 -33.78 80.29
 7.20 -32.66 60.37
 7.06 -32.48 59.93
 6.90 -32.29 59.51
 6.73 -32.10 59.09
 6.60 -31.90 58.63
 6.51 -31.71 58.13
 6.47 -31.56 57.59
 6.43 -31.44 57.06
 6.43 -31.44 57.06
 6.04 -28.02 49.57
 6.01 -27.68 49.26
 6.00 -27.34 48.92
 6.01 -27.02 48.56
 6.04 -26.71 48.19
 6.06 -26.40 47.85
 6.09 -26.08 47.54
 6.14 -25.76 47.26
 6.23 -25.40 47.00
 6.32 -25.01 46.75
 6.39 -24.61 46.51
 6.42 -24.20 46.28
 6.40 -23.81 46.05
 6.35 -23.42 45.81
 6.32 -23.04 45.57
 6.32 -22.63 45.32
 6.32 -22.63 45.32
 8.93 -8.64 41.78
 9.00 -8.20 41.82
 9.04 -7.74 41.95
 9.07 -7.29 42.13
 9.14 -6.84 42.32
 9.30 -6.40 42.51
 9.52 -6.01 42.65
 9.76 -5.64 42.77
 9.98 -5.29 42.89
 10.16 -4.93 43.04
 10.27 -4.59 43.24
 10.33 -4.27 43.47
 10.38 -3.96 43.74
 10.47 -3.64 44.01
 10.63 -3.30 44.27
 10.84 -2.95 44.52
 11.08 -2.58 44.77
 11.08 -2.58 44.77
 16.30 7.74 57.95
 16.37 7.92 58.25
 16.46 8.07 58.56
 16.57 8.19 58.85
 16.66 8.30 59.12
 16.74 8.41 59.38
 16.79 8.50 59.63
 16.83 8.59 59.89
 16.87 8.65 60.14
 16.91 8.68 60.40
 16.95 8.70 60.67
 16.98 8.72 60.95
 17.01 8.76 61.22
 17.04 8.83 61.51
 17.08 8.90 61.79
 17.13 8.98 62.07
 17.17 9.06 62.36
 17.17 9.06 62.36
 19.90 7.68 71.48
 20.03 7.73 71.77
 20.17 7.80 72.06
 20.32 7.87 72.31
 20.46 7.91 72.52
 20.59 7.89 72.69
 20.72 7.83 72.82
 20.84 7.75 72.96
 20.95 7.64 73.09
 21.04 7.52 73.22
 21.13 7.39 73.35
 21.18 7.26 73.49
 21.20 7.14 73.66
 21.21 7.04 73.84
 21.20 6.96 74.06
 21.19 6.89 74.30
 21.20 6.84 74.56
 21.20 6.84 74.56
 21.83 5.86 83.82
 21.80 5.82 84.07
 21.78 5.79 84.33
 21.77 5.75 84.58
 21.80 5.69 84.82
 21.86 5.61 85.03
 21.93 5.52 85.23
 22.00 5.44 85.41
 22.03 5.37 85.59
 22.03 5.31 85.77
 21.99 5.24 85.95
 21.93 5.17 86.14
 21.83 5.08 86.33
 21.72 4.99 86.52
 21.60 4.89 86.72
 21.50 4.80 86.91
 21.40 4.71 87.09
 21.40 4.71 87.09
 16.17 -0.20 91.09
 16.13 -0.42 91.12
 16.06 -0.64 91.15
 15.94 -0.87 91.18
 15.82 -1.09 91.20
 15.72 -1.34 91.20
 15.68 -1.59 91.19
 15.69 -1.86 91.17
 15.72 -2.14 91.15
 15.73 -2.41 91.14
 15.69 -2.66 91.15
 15.61 -2.88 91.19
 15.48 -3.09 91.24
 15.32 -3.29 91.31
 15.18 -3.49 91.37
 15.06 -3.71 91.41
 15.06 -3.71 91.41
 13.33 -9.62 90.86
 13.32 -9.70 90.89
 13.30 -9.79 90.95
 13.30 -9.86 91.00
 13.32 -9.92 91.04
