 5.23 -15.71 -8.35
 5.23 -15.72 -8.35
 5.23 -15.73 -8.35
 5.22 -15.73 -8.34
 5.22 -15.74 -8.33
 5.22 -15.74 -8.32
 5.23 -15.74 -8.32
 5.24 -15.74 -8.31
 5.25 -15.74 -8.31
 5.26 -15.74 -8.30
 5.26 -15.75 -8.30
 5.25 -15.75 -8.30
 5.24 -15.75 -8.29
 5.24 -15.74 -8.29
 5.25 -15.74 -8.29
 5.25 -15.74 -8.29
 3.60 -17.57 -11.06
 3.46 -17.74 -11.34
 3.29 -17.96 -11.61
 3.10 -18.21 -11.86
 2.88 -18.47 -12.07
 2.65 -18.74 -12.24
 2.41 -19.01 -12.35
 2.16 -19.32 -12.36
 1.89 -19.72 -12.22
 1.62 -20.22 -11.90
 1.41 -20.80 -11.39
 1.27 -21.41 -10.72
 1.22 -22.01 -9.92
 1.24 -22.56 -9.01
 1.35 -23.04 -8.05
 1.52 -23.43 -7.06
 1.52 -23.43 -7.06
 7.32 13.26 -2.70
 7.09 12.75 -4.23
 6.91 12.16 -5.81
 6.85 11.52 -7.42
 6.91 10.86 -9.04
 7.07 10.22 -10.68
 7.22 9.56 -12.37
 7.28 8.84 -14.14
 7.26 8.01 -15.99
 7.15 7.05 -17.88
 6.99 5.99 -19.79
 6.80 4.83 -21.65
 6.56 3.59 -23.42
 6.27 2.26 -25.08
 5.89 0.84 -26.61
 5.45 -0.69 -27.99
 5.01 -2.32 -29.22
 5.01 -2.32 -29.22
 17.29 -42.50 4.47
 17.12 -41.90 4.54
 16.89 -41.28 4.62
 16.67 -40.64 4.71
 16.49 -39.98 4.79
 16.35 -39.33 4.82
 16.22 -38.75 4.82
 16.05 -38.25 4.77
 15.81 -37.85 4.70
 15.52 -37.53 4.62
 15.21 -37.22 4.57
 14.92 -36.90 4.56
 14.64 -36.56 4.57
 14.39 -36.20 4.59
 14.14 -35.85 4.58
 13.89 -35.52 4.53
 13.89 -35.52 4.53
 10.69 -32.96 3.40
 10.66 -32.92 3.39
 10.64 -32.90 3.38
 10.60 -32.87 3.38
 10.54 -32.83 3.39
 10.49 -32.79 3.42
 10.45 -32.74 3.45
 10.45 -32.70 3.46
 10.45 -32.70 3.46
 10.03 -32.41 3.54
 10.03 -32.38 3.54
 10.02 -32.34 3.54
 10.01 -32.30 3.55
 9.98 -32.25 3.57
 9.95 -32.21 3.59
 9.92 -32.19 3.61
 9.88 -32.18 3.62
 9.85 -32.19 3.63
 9.84 -32.19 3.63
 9.85 -32.20 3.64
 9.88 -32.21 3.64
 9.90 -32.21 3.64
 9.92 -32.21 3.63
 9.92 -32.19 3.62
 9.91 -32.16 3.61
 9.89 -32.12 3.60
 9.89 -32.12 3.60
 9.91 -31.54 3.72
 9.91 -31.54 3.73
 9.91 -31.54 3.74
 9.92 -31.54 3.74
 9.92 -31.54 3.73
 9.91 -31.53 3.73
 9.89 -31.50 3.73
 9.88 -31.46 3.72
 9.87 -31.43 3.72
 9.86 -31.41 3.73
 9.85 -31.41 3.73
 9.85 -31.41 3.74
 9.84 -31.40 3.76
 9.85 -31.40 3.77
 9.86 -31.39 3.79
 9.87 -31.39 3.79
 9.88 -31.38 3.79
 9.88 -31.38 3.79
 9.81 -31.05 3.95
 9.82 -31.05 3.97
 9.84 -31.05 3.98
 9.86 -31.05 3.98
 9.87 -31.05 3.97
 9.88 -31.05 3.97
 9.88 -31.05 3.97
 9.87 -31.04 3.97
 9.87 -31.02 3.98
 9.88 -30.99 3.98
 9.89 -30.97 3.99
 9.89 -30.95 3.99
 9.89 -30.93 4.00
 9.88 -30.91 4.01
 9.87 -30.90 4.02
 9.87 -30.89 4.03
 9.87 -30.89 4.03
 9.87 -30.89 4.03
 9.87 -30.89 4.03
 9.86 -30.60 4.10
 9.86 -30.58 4.10
 9.86 -30.56 4.10
 9.86 -30.55 4.11
 9.87 -30.55 4.11
 9.88 -30.56 4.11
 9.89 -30.56 4.11
 9.89 -30.56 4.12
 9.90 -30.55 4.12
 9.91 -30.54 4.12
 9.91 -30.53 4.11
 9.91 -30.53 4.11
 9.90 -30.52 4.11
 9.88 -30.52 4.12
 9.87 -30.51 4.12
 9.86 -30.49 4.12
 9.86 -30.48 4.11
 9.86 -30.48 4.11
