 -4.92 -15.53 -8.87
 -4.90 -15.64 -8.80
 -4.87 -15.75 -8.74
 -4.84 -15.88 -8.65
 -4.85 -16.02 -8.53
 -4.87 -16.15 -8.37
 -4.88 -16.27 -8.17
 -4.85 -16.36 -7.94
 -4.78 -16.41 -7.69
 -4.69 -16.42 -7.42
 -4.58 -16.40 -7.15
 -4.48 -16.40 -6.90
 -4.36 -16.42 -6.69
 -4.23 -16.48 -6.53
 -4.13 -16.58 -6.42
 -4.13 -16.58 -6.42
 -3.42 -17.65 -1.97
 -3.70 -17.25 -0.34
 -3.64 -16.71 1.25
 -3.12 -16.06 2.74
 -2.32 -15.36 4.17
 -1.48 -14.69 5.55
 -0.68 -14.11 6.86
 0.05 -13.63 8.07
 0.79 -13.22 9.16
 1.62 -12.85 10.15
 2.54 -12.50 11.10
 3.53 -12.12 12.01
 4.55 -11.63 12.87
 5.58 -10.99 13.63
 6.63 -10.18 14.22
 7.67 -9.13 14.60
 7.67 -9.13 14.60
 6.61 25.02 3.55
 7.25 25.66 3.07
 7.87 26.25 2.58
 8.59 26.79 2.11
 9.46 27.28 1.68
 10.43 27.71 1.29
 11.46 28.12 0.88
 12.50 28.51 0.41
 13.50 28.86 -0.15
 14.48 29.11 -0.80
 15.48 29.27 -1.52
 16.51 29.34 -2.26
 17.55 29.30 -3.02
 18.59 29.15 -3.75
 19.64 28.93 -4.47
 20.67 28.65 -5.18
 21.60 28.30 -5.90
 21.60 28.30 -5.90
 36.51 5.28 -31.29
 35.20 3.70 -30.96
 33.62 2.17 -30.41
 31.81 0.67 -29.68
 29.75 -0.77 -28.77
 27.47 -2.11 -27.67
 24.97 -3.29 -26.40
 22.45 -4.35 -25.03
 22.45 -4.35 -25.03
 3.32 -15.38 -8.49
 3.04 -15.14 -8.35
 2.73 -14.93 -8.22
 2.39 -14.79 -8.09
 2.08 -14.73 -7.95
 1.87 -14.74 -7.82
 1.83 -14.81 -7.71
 1.95 -14.89 -7.65
 2.19 -14.97 -7.61
 2.50 -15.04 -7.61
 2.84 -15.08 -7.65
 3.12 -15.08 -7.75
 3.30 -15.04 -7.88
 3.35 -14.96 -8.02
 3.27 -14.83 -8.15
 3.03 -14.66 -8.24
 3.03 -14.66 -8.24
 4.35 -5.54 -10.25
 4.33 -5.55 -10.26
 4.34 -5.57 -10.23
 4.42 -5.59 -10.17
 4.58 -5.62 -10.07
 4.78 -5.67 -9.96
 4.96 -5.73 -9.86
 5.09 -5.81 -9.77
 5.16 -5.89 -9.72
 5.19 -5.97 -9.69
 5.22 -6.04 -9.67
 5.30 -6.11 -9.68
 5.40 -6.18 -9.72
 5.50 -6.25 -9.77
 5.57 -6.32 -9.83
 5.61 -6.38 -9.89
 5.61 -6.44 -9.95
 5.61 -6.44 -9.95
 4.11 -6.80 -10.49
 4.07 -6.77 -10.50
 4.02 -6.76 -10.51
 3.94 -6.75 -10.53
 3.87 -6.75 -10.55
 3.83 -6.78 -10.58
 3.80 -6.83 -10.62
 3.76 -6.87 -10.67
 3.69 -6.90 -10.73
 3.62 -6.91 -10.78
 3.56 -6.91 -10.84
 3.53 -6.91 -10.88
 3.54 -6.91 -10.91
 3.56 -6.91 -10.92
 3.57 -6.92 -10.94
 3.58 -6.94 -10.96
 3.58 -6.94 -10.96
 3.73 -6.84 -10.90
 3.69 -6.88 -10.91
 3.65 -6.91 -10.92
 3.63 -6.95 -10.93
 3.61 -6.97 -10.95
 3.60 -6.99 -10.95
 3.59 -7.01 -10.95
 3.59 -7.01 -10.94
 3.59 -7.01 -10.94
 3.75 -6.87 -10.67
 3.79 -6.89 -10.66
 3.81 -6.89 -10.66
 3.82 -6.88 -10.66
 3.80 -6.87 -10.66
 3.78 -6.87 -10.66
 3.76 -6.87 -10.65
 3.74 -6.90 -10.66
 3.72 -6.94 -10.66
 3.70 -6.99 -10.67
 3.68 -7.02 -10.67
 3.68 -7.05 -10.67
 3.69 -7.05 -10.66
 3.71 -7.05 -10.64
 3.73 -7.05 -10.63
 3.75 -7.05 -10.64
 3.75 -7.05 -10.64
 3.95 -7.75 -10.62
 3.96 -7.78 -10.60
 3.97 -7.81 -10.57
 3.98 -7.83 -10.55
 4.00 -7.85 -10.53
 4.01 -7.87 -10.51
 4.03 -7.88 -10.50
 4.06 -7.87 -10.49
 4.08 -7.86 -10.48
 4.09 -7.85 -10.48
 4.10 -7.84 -10.47
 4.11 -7.84 -10.48
