 5.12 -0.34 -39.17
 5.29 -0.31 -39.10
 6.01 -0.12 -38.97
 6.97 0.35 -38.79
 7.70 0.96 -38.59
 8.05 1.50 -38.42
 7.93 1.78 -38.36
 7.81 1.95 -38.29
 7.81 2.13 -38.18
 8.18 2.40 -38.01
 8.66 2.78 -37.81
 8.94 3.16 -37.63
 8.96 3.48 -37.48
 8.96 3.48 -37.48
 6.55 0.84 -37.71
 6.65 0.46 -37.83
 6.77 0.05 -37.99
 6.95 -0.36 -38.20
 7.24 -0.80 -38.46
 7.63 -1.25 -38.77
 8.09 -1.71 -39.14
 8.53 -2.20 -39.52
 8.87 -2.74 -39.88
 9.05 -3.34 -40.21
 9.09 -3.98 -40.52
 9.05 -4.64 -40.81
 9.00 -5.30 -41.09
 8.98 -5.94 -41.38
 9.04 -6.56 -41.69
 9.16 -7.13 -42.03
 9.32 -7.67 -42.39
 9.32 -7.67 -42.39
 5.34 -13.15 -48.93
 5.52 -13.10 -48.63
 5.65 -13.07 -48.39
 5.83 -13.04 -48.23
 6.35 -13.13 -48.33
 6.73 -13.40 -48.59
 7.07 -13.73 -48.97
 7.13 -13.93 -49.26
 7.44 -14.11 -49.57
 7.57 -14.20 -49.80
 7.68 -14.30 -50.02
 7.84 -14.40 -50.31
 8.02 -14.54 -50.70
 8.19 -14.71 -51.17
 8.29 -14.93 -51.69
 7.49 -14.98 -51.75
 7.49 -14.98 -51.75
 6.97 -19.28 -60.19
 7.01 -19.33 -60.77
 7.01 -19.40 -61.36
 6.94 -19.50 -61.94
 6.81 -19.65 -62.51
 6.63 -19.83 -63.05
 6.42 -20.01 -63.58
 6.21 -20.16 -64.12
 6.02 -20.28 -64.68
 5.84 -20.36 -65.26
 5.67 -20.38 -65.84
 5.54 -20.40 -66.44
 5.43 -20.41 -67.08
 5.32 -20.44 -67.72
 5.20 -20.48 -68.37
 5.06 -20.54 -69.04
 5.06 -20.54 -69.04
 3.24 -15.99 -85.43
 3.28 -15.76 -85.81
 3.33 -15.51 -86.20
 3.39 -15.24 -86.58
 3.45 -14.96 -86.97
 3.52 -14.68 -87.35
 3.59 -14.41 -87.73
 3.67 -14.14 -88.07
 3.74 -13.89 -88.38
 3.78 -13.63 -88.67
 3.76 -13.35 -88.93
 3.69 -13.04 -89.17
 3.59 -12.70 -89.42
 3.52 -12.36 -89.70
 3.51 -12.04 -90.00
 3.51 -12.04 -90.00
 5.00 -3.41 -95.48
 5.09 -3.23 -95.54
 5.18 -3.04 -95.59
 5.26 -2.86 -95.64
 5.38 -2.70 -95.70
 5.50 -2.55 -95.78
 5.61 -2.42 -95.84
 5.71 -2.29 -95.87
 5.71 -2.29 -95.87
 7.04 0.32 -95.78
 7.11 0.48 -95.74
 7.18 0.65 -95.70
 7.26 0.84 -95.66
 7.35 1.04 -95.61
 7.47 1.26 -95.54
 7.59 1.47 -95.47
 7.70 1.67 -95.38
 7.79 1.86 -95.24
 7.85 2.04 -95.08
 7.91 2.22 -94.91
 7.98 2.40 -94.76
 8.08 2.58 -94.63
 8.22 2.75 -94.53
 8.40 2.89 -94.44
 8.60 3.00 -94.36
 8.79 3.09 -94.23
 8.79 3.09 -94.23
 10.24 6.94 -87.52
 10.15 6.95 -87.33
 10.11 6.96 -87.15
 10.10 6.93 -86.97
 10.12 6.87 -86.74
 10.19 6.77 -86.50
 10.29 6.64 -86.25
 10.38 6.50 -86.00
 10.43 6.42 -85.77
 10.46 6.37 -85.55
 10.47 6.37 -85.34
 10.45 6.38 -85.14
 10.43 6.38 -84.92
 10.42 6.36 -84.68
 10.40 6.33 -84.41
 10.39 6.28 -84.13
 10.39 6.28 -84.13
 9.52 4.14 -73.94
 9.55 4.11 -73.70
 9.63 4.07 -73.47
 9.73 4.01 -73.24
 9.79 3.94 -73.00
 9.78 3.87 -72.73
 9.70 3.81 -72.45
 9.55 3.75 -72.15
 9.37 3.71 -71.84
 9.23 3.68 -71.54
 9.16 3.67 -71.25
 9.16 3.68 -70.98
 9.21 3.71 -70.70
 9.26 3.73 -70.43
 9.26 3.74 -70.16
 9.21 3.74 -69.87
 9.12 3.74 -69.56
 9.12 3.74 -69.56
 5.51 1.03 -58.06
 5.35 0.73 -57.77
 5.16 0.44 -57.48
 4.99 0.14 -57.19
 4.87 -0.19 -56.91
 4.81 -0.53 -56.67
