 -6.66 -12.52 -39.38
 -6.66 -12.72 -39.48
 -6.71 -12.94 -39.57
 -6.76 -13.14 -39.67
 -6.77 -13.32 -39.78
 -6.78 -13.45 -39.89
 -6.77 -13.55 -40.00
 -6.75 -13.63 -40.10
 -6.67 -13.68 -40.19
 -6.55 -13.71 -40.29
 -6.39 -13.73 -40.39
 -6.25 -13.76 -40.49
 -6.17 -13.78 -40.59
 -6.17 -13.78 -40.59
 -2.34 -17.47 -42.35
 -2.87 -18.30 -42.62
 -3.44 -19.04 -42.96
 -4.06 -19.75 -43.34
 -4.70 -20.50 -43.74
 -5.28 -21.32 -44.17
 -5.92 -22.15 -44.58
 -5.92 -22.15 -44.58
 -3.59 -29.62 -30.82
 -2.82 -29.06 -28.63
 -2.19 -28.44 -26.46
 -1.60 -27.78 -24.38
 -1.04 -27.08 -22.44
 -0.54 -26.33 -20.63
 -0.01 -25.52 -18.98
 0.64 -24.65 -17.49
 1.47 -23.70 -16.17
 2.46 -22.65 -14.97
 3.47 -21.40 -13.83
 4.55 -19.94 -12.83
 5.85 -18.34 -12.08
 7.08 -16.79 -11.56
 7.96 -15.38 -11.27
 7.96 -15.38 -11.27
 -4.19 21.45 -31.74
 -2.84 21.72 -33.14
 -1.56 21.91 -34.72
 -0.42 22.05 -36.42
 0.53 22.21 -38.18
 1.37 22.44 -39.92
 2.26 22.71 -41.55
 3.20 22.98 -43.09
 4.18 23.17 -44.56
 5.20 23.26 -45.97
 6.35 23.27 -47.30
 7.64 23.18 -48.55
 9.00 22.96 -49.77
 10.35 22.61 -51.02
 11.62 22.16 -52.32
 12.71 21.61 -53.71
 12.71 21.61 -53.71
 7.69 -47.17 -44.87
 7.69 -46.92 -44.10
 7.61 -46.58 -43.48
 7.58 -46.13 -43.05
 7.59 -45.69 -42.76
 7.55 -45.30 -42.52
 7.46 -44.99 -42.34
 7.35 -44.74 -42.21
 7.25 -44.51 -42.12
 7.22 -44.27 -42.08
 7.31 -43.98 -42.10
 7.58 -43.68 -42.20
 8.04 -43.34 -42.41
 8.58 -43.01 -42.68
 9.00 -42.73 -42.91
 9.15 -42.54 -43.02
 9.15 -42.54 -43.02
 3.65 -38.61 -47.01
 3.70 -38.52 -47.02
 3.69 -38.41 -47.01
 3.63 -38.27 -46.98
 3.53 -38.14 -46.96
 3.42 -38.02 -46.98
 3.33 -37.93 -47.03
 3.25 -37.85 -47.10
 3.21 -37.78 -47.19
 3.18 -37.71 -47.25
 3.17 -37.65 -47.29
 3.16 -37.59 -47.29
 3.15 -37.55 -47.28
 3.15 -37.52 -47.27
 3.15 -37.50 -47.29
 3.16 -37.47 -47.34
 3.16 -37.47 -47.34
 3.41 -37.09 -47.88
 3.42 -37.10 -47.90
 3.45 -37.10 -47.93
 3.48 -37.11 -47.97
 3.51 -37.11 -48.01
 3.54 -37.12 -48.03
 3.55 -37.14 -48.03
 3.57 -37.18 -48.02
 3.59 -37.22 -48.00
 3.61 -37.27 -48.00
 3.62 -37.32 -48.02
 3.64 -37.37 -48.06
 3.65 -37.41 -48.10
 3.65 -37.43 -48.12
 3.66 -37.45 -48.13
 3.66 -37.45 -48.13
 4.06 -37.43 -48.62
 4.09 -37.44 -48.60
 4.13 -37.45 -48.60
 4.15 -37.46 -48.61
 4.15 -37.46 -48.61
 4.15 -37.45 -48.61
 4.16 -37.44 -48.62
 4.17 -37.43 -48.64
 4.18 -37.43 -48.66
 4.20 -37.43 -48.67
 4.23 -37.43 -48.68
 4.26 -37.44 -48.68
 4.29 -37.44 -48.68
 4.31 -37.44 -48.68
 4.33 -37.44 -48.69
 4.34 -37.43 -48.70
 4.34 -37.43 -48.70
 4.63 -37.40 -48.66
 4.63 -37.41 -48.65
 4.63 -37.42 -48.64
 4.65 -37.43 -48.63
 4.68 -37.43 -48.62
 4.72 -37.44 -48.63
 4.75 -37.43 -48.64
 4.77 -37.42 -48.66
 4.79 -37.41 -48.66
 4.78 -37.39 -48.66
 4.79 -37.38 -48.65
 4.79 -37.37 -48.64
 4.80 -37.37 -48.65
 4.80 -37.38 -48.66
 4.79 -37.40 -48.66
 4.77 -37.42 -48.66
 4.77 -37.42 -48.66
 5.04 -37.56 -48.79
 5.05 -37.57 -48.77
 5.05 -37.58 -48.76
 5.05 -37.59 -48.74
 5.06 -37.59 -48.72
 5.08 -37.58 -48.71
 5.11 -37.57 -48.71
 5.15 -37.55 -48.73
 5.17 -37.53 -48.75
 5.17 -37.51 -48.75
 5.16 -37.50 -48.74
