 3.45 8.65 -15.31
 3.93 11.23 -15.06
 3.73 11.35 -15.03
 3.56 11.45 -15.01
 3.40 11.50 -15.01
 3.29 11.52 -15.02
 3.23 11.52 -15.02
 3.20 11.52 -15.02
 3.23 11.51 -15.01
 3.31 11.52 -14.99
 3.37 11.53 -14.95
 3.40 11.53 -14.89
 3.41 11.51 -14.81
 3.37 11.45 -14.73
 3.29 11.35 -14.64
 3.17 11.23 -14.53
 3.03 11.12 -14.41
 3.03 11.12 -14.41
 6.04 1.01 -13.56
 6.18 0.57 -13.80
 6.27 0.15 -13.99
 6.32 -0.26 -14.13
 6.38 -0.67 -14.21
 6.45 -1.08 -14.26
 6.56 -1.48 -14.32
 6.72 -1.88 -14.38
 6.93 -2.25 -14.49
 7.18 -2.60 -14.63
 7.42 -2.90 -14.81
 7.65 -3.18 -15.01
 7.87 -3.43 -15.21
 8.05 -3.68 -15.41
 8.19 -3.96 -15.60
 8.31 -4.27 -15.76
 8.41 -4.60 -15.93
 8.41 -4.60 -15.93
 6.87 -8.27 -16.63
 6.99 -8.42 -16.52
 7.04 -8.57 -16.46
 7.26 -8.75 -16.47
 7.52 -9.00 -16.54
 7.80 -9.25 -16.65
 8.11 -9.47 -16.77
 8.39 -9.67 -16.90
 8.58 -9.86 -17.02
 8.68 -10.06 -17.13
 8.68 -10.27 -17.21
 8.66 -10.50 -17.26
 8.65 -10.75 -17.33
 8.68 -10.99 -17.42
 8.75 -11.22 -17.57
 8.87 -11.42 -17.78
 8.87 -11.42 -17.78
 12.80 -19.18 -38.71
 12.80 -19.09 -39.50
 12.77 -18.97 -40.24
 12.73 -18.83 -40.94
 12.71 -18.68 -41.63
 12.67 -18.56 -42.35
 12.63 -18.47 -43.08
 12.62 -18.38 -43.83
 12.66 -18.29 -44.57
 12.71 -18.17 -45.29
 12.78 -18.03 -45.95
 12.88 -17.86 -46.57
 13.00 -17.66 -47.14
 13.09 -17.42 -47.67
 13.15 -17.15 -48.15
 13.15 -17.15 -48.15
 16.06 0.24 -55.99
 16.30 0.98 -55.94
 16.52 1.68 -55.86
 16.73 2.32 -55.78
 16.92 2.90 -55.69
 17.17 3.43 -55.57
 17.47 3.94 -55.46
 17.79 4.44 -55.35
 17.79 4.44 -55.35
 21.17 17.85 -47.56
 20.75 18.36 -47.08
 20.37 18.86 -46.59
 20.03 19.35 -46.09
 19.76 19.83 -45.59
 19.50 20.32 -45.09
 19.22 20.79 -44.61
 18.85 21.24 -44.17
 18.38 21.64 -43.76
 17.85 21.98 -43.39
 17.32 22.28 -43.04
 16.86 22.54 -42.70
 16.52 22.78 -42.37
 16.29 23.03 -42.03
 16.13 23.30 -41.69
 15.99 23.60 -41.33
 15.99 23.60 -41.33
 10.83 29.56 -28.93
 10.65 29.55 -28.71
 10.53 29.59 -28.47
 10.45 29.67 -28.21
 10.37 29.74 -27.93
 10.25 29.74 -27.66
 10.07 29.67 -27.38
 9.88 29.55 -27.10
 9.66 29.42 -26.82
 9.43 29.32 -26.52
 9.23 29.26 -26.21
 9.08 29.21 -25.88
 8.98 29.18 -25.56
 8.90 29.07 -25.32
 8.83 28.57 -25.25
 8.87 28.34 -24.97
 8.87 28.34 -24.97
 4.85 26.12 -18.77
 4.90 26.54 -18.47
 4.95 26.64 -18.17
 4.96 26.47 -17.87
 4.87 26.12 -17.59
 4.70 25.69 -17.33
 4.50 25.24 -17.10
 4.34 24.82 -16.90
 4.26 24.45 -16.71
 4.27 24.15 -16.53
 4.36 23.92 -16.34
 4.47 23.75 -16.14
 4.59 23.61 -15.90
 4.68 23.46 -15.64
 4.73 23.29 -15.36
 4.73 23.10 -15.09
 4.73 23.10 -15.09
 5.27 15.03 -10.17
 5.22 14.73 -10.16
 5.19 14.41 -10.17
 5.15 14.08 -10.19
 5.11 13.77 -10.21
 5.10 13.47 -10.23
 5.09 13.18 -10.24
 5.10 12.89 -10.25
 5.12 12.62 -10.25
 5.15 12.36 -10.24
 5.21 12.08 -10.24
 5.28 11.79 -10.26
 5.34 11.50 -10.30
 5.34 11.23 -10.33
 5.28 10.96 -10.34
 5.18 10.68 -10.32
 5.18 10.68 -10.32
 3.83 3.83 -10.26
 3.83 3.62 -10.29
 3.83 3.40 -10.33
 3.84 3.17 -10.39
