 8.71 3.46 -31.47
 8.66 3.29 -31.56
 8.65 3.09 -31.67
 8.69 2.89 -31.78
 8.77 2.71 -31.91
 8.91 2.55 -32.02
 9.09 2.41 -32.12
 9.27 2.29 -32.22
 9.42 2.18 -32.31
 9.52 2.07 -32.38
 9.62 1.97 -32.45
 9.70 1.88 -32.52
 9.80 1.80 -32.57
 9.92 1.73 -32.61
 10.03 1.65 -32.64
 10.03 1.65 -32.64
 18.07 -10.31 -30.84
 18.12 -11.31 -31.18
 18.15 -12.32 -31.58
 18.24 -13.35 -32.07
 18.45 -14.41 -32.65
 18.77 -15.47 -33.28
 19.17 -16.50 -33.93
 19.59 -17.48 -34.55
 20.01 -18.38 -35.12
 20.38 -19.22 -35.66
 20.64 -19.98 -36.17
 20.80 -20.69 -36.68
 20.88 -21.39 -37.19
 20.93 -22.07 -37.74
 20.97 -22.75 -38.35
 20.97 -22.75 -38.35
 15.98 -33.20 -61.46
 15.65 -33.11 -62.03
 15.45 -32.99 -62.64
 15.36 -32.83 -63.26
 15.28 -32.65 -63.87
 15.15 -32.46 -64.44
 14.93 -32.28 -64.99
 14.65 -32.11 -65.53
 14.34 -31.95 -66.07
 14.04 -31.77 -66.65
 13.79 -31.59 -67.24
 13.57 -31.39 -67.80
 13.34 -31.17 -68.31
 13.08 -30.93 -68.77
 12.79 -30.67 -69.20
 12.79 -30.67 -69.20
 8.50 -19.70 -81.89
 8.49 -19.33 -82.18
 8.50 -18.93 -82.46
 8.54 -18.52 -82.73
 8.58 -18.09 -82.99
 8.62 -17.68 -83.25
 8.63 -17.28 -83.47
 8.61 -16.89 -83.66
 8.57 -16.49 -83.82
 8.52 -16.07 -83.96
 8.48 -15.65 -84.10
 8.44 -15.23 -84.24
 8.40 -14.82 -84.39
 8.36 -14.45 -84.57
 8.32 -14.09 -84.78
 8.31 -13.74 -84.99
 8.31 -13.74 -84.99
 10.55 -3.39 -87.08
 10.72 -3.13 -87.01
 10.91 -2.86 -86.90
 11.09 -2.58 -86.77
 11.23 -2.31 -86.64
 11.32 -2.04 -86.51
 11.40 -1.76 -86.40
 11.47 -1.51 -86.29
 11.56 -1.28 -86.19
 11.68 -1.10 -86.08
 11.85 -0.92 -85.93
 12.05 -0.73 -85.74
 12.25 -0.53 -85.54
 12.42 -0.30 -85.34
 12.56 -0.07 -85.15
 12.56 -0.07 -85.15
 13.68 3.99 -78.30
 13.67 4.01 -78.14
 13.69 4.04 -77.97
 13.71 4.10 -77.80
 13.70 4.16 -77.63
 13.64 4.22 -77.46
 13.53 4.24 -77.26
 13.41 4.25 -77.04
 13.41 4.25 -77.04
 11.73 4.02 -73.06
 11.70 3.94 -72.83
 11.63 3.86 -72.60
 11.55 3.79 -72.36
 11.48 3.72 -72.11
 11.45 3.67 -71.84
 11.44 3.63 -71.55
 11.42 3.62 -71.25
 11.39 3.64 -70.91
 11.36 3.66 -70.56
 11.32 3.67 -70.20
 11.28 3.67 -69.84
 11.24 3.69 -69.49
 11.22 3.72 -69.16
 11.22 3.77 -68.81
 11.28 3.85 -68.46
 11.36 3.92 -68.10
 11.36 3.92 -68.10
 8.69 5.10 -54.62
 8.49 4.99 -54.34
 8.23 4.89 -54.04
 7.98 4.83 -53.74
 7.80 4.78 -53.45
 7.71 4.73 -53.18
 7.69 4.68 -52.92
 7.70 4.64 -52.68
 7.69 4.61 -52.43
 7.65 4.58 -52.17
 7.55 4.55 -51.91
 7.40 4.52 -51.64
 7.24 4.49 -51.37
 7.09 4.45 -51.09
 6.95 4.42 -50.81
 6.84 4.40 -50.53
 6.71 4.38 -50.25
 6.71 4.38 -50.25
 3.60 1.29 -43.67
 3.63 1.14 -43.59
 3.73 0.97 -43.54
 3.85 0.80 -43.50
 3.95 0.63 -43.44
 4.00 0.47 -43.37
 3.95 0.33 -43.28
 3.83 0.20 -43.17
 3.68 0.07 -43.04
 3.53 -0.09 -42.91
 3.38 -0.26 -42.78
 3.26 -0.45 -42.64
 3.17 -0.63 -42.50
 3.07 -0.78 -42.36
 2.98 -0.92 -42.20
 2.90 -1.04 -42.04
 2.85 -1.15 -41.89
 2.85 -1.15 -41.89
 2.25 -4.23 -39.97
 2.26 -4.34 -39.97
 2.27 -4.46 -39.98
 2.26 -4.62 -39.99
 2.20 -4.80 -40.01
 2.11 -5.01 -40.03
