 3.26 -4.43 -12.11
 3.87 -4.12 -12.17
 4.17 -3.36 -12.24
 3.98 -2.42 -12.15
 3.38 -1.62 -11.93
 2.99 -1.32 -11.80
 2.86 -1.39 -11.85
 2.67 -1.73 -11.97
 2.41 -2.27 -12.03
 2.17 -2.88 -11.98
 2.08 -3.47 -11.87
 2.18 -3.91 -11.73
 2.33 -4.14 -11.56
 2.45 -4.17 -11.36
 2.51 -4.02 -11.15
 2.51 -4.02 -11.15
 5.82 -8.11 -9.11
 5.92 -8.72 -9.21
 6.13 -9.35 -9.38
 6.41 -9.98 -9.63
 6.68 -10.59 -9.93
 6.90 -11.19 -10.29
 7.05 -11.77 -10.68
 7.13 -12.36 -11.09
 7.16 -12.94 -11.50
 7.13 -13.51 -11.91
 7.08 -14.07 -12.31
 6.99 -14.60 -12.73
 6.88 -15.10 -13.18
 6.79 -15.58 -13.68
 6.70 -16.04 -14.23
 6.60 -16.49 -14.78
 6.60 -16.49 -14.78
 2.04 -27.21 -37.24
 1.80 -27.20 -37.88
 1.64 -27.22 -38.53
 1.54 -27.24 -39.17
 1.45 -27.26 -39.80
 1.35 -27.27 -40.41
 1.24 -27.26 -41.00
 1.11 -27.25 -41.54
 0.98 -27.23 -42.05
 0.87 -27.23 -42.55
 0.79 -27.23 -43.04
 0.73 -27.22 -43.53
 0.67 -27.19 -43.99
 0.58 -27.13 -44.44
 0.45 -27.03 -44.88
 0.45 -27.03 -44.88
 1.04 -17.59 -55.27
 1.15 -17.20 -55.39
 1.27 -16.79 -55.48
 1.41 -16.37 -55.55
 1.54 -15.94 -55.59
 1.67 -15.51 -55.62
 1.82 -15.09 -55.64
 2.01 -14.67 -55.66
 2.21 -14.27 -55.68
 2.40 -13.86 -55.70
 2.56 -13.44 -55.68
 2.70 -13.02 -55.64
 2.81 -12.58 -55.56
 2.88 -12.12 -55.44
 2.91 -11.65 -55.31
 2.91 -11.16 -55.17
 2.91 -11.16 -55.17
 7.58 1.66 -50.52
 7.60 2.02 -50.24
 7.64 2.35 -49.94
 7.71 2.65 -49.62
 7.77 2.92 -49.27
 7.82 3.18 -48.90
 7.86 3.41 -48.53
 7.91 3.61 -48.15
 8.02 3.80 -47.80
 8.20 3.96 -47.46
 8.40 4.12 -47.15
 8.60 4.30 -46.86
 8.75 4.50 -46.58
 8.87 4.72 -46.32
 8.96 4.95 -46.07
 9.05 5.19 -45.81
 9.15 5.41 -45.56
 9.15 5.41 -45.56
 9.41 10.03 -34.99
 9.34 10.10 -34.69
 9.28 10.16 -34.38
 9.25 10.20 -34.05
 9.24 10.22 -33.70
 9.25 10.22 -33.36
 9.29 10.22 -33.03
 9.35 10.21 -32.73
 9.45 10.18 -32.44
 9.56 10.13 -32.17
 9.65 10.10 -31.90
 9.68 10.08 -31.62
 9.64 10.10 -31.32
 9.57 10.15 -30.99
 9.50 10.21 -30.63
 9.46 10.27 -30.26
 9.46 10.27 -30.26
 8.51 8.93 -20.95
 8.46 8.84 -20.73
 8.45 8.75 -20.50
 8.45 8.65 -20.26
 8.42 8.54 -20.03
 8.33 8.40 -19.80
 8.17 8.25 -19.56
 7.99 8.10 -19.32
 7.85 7.92 -19.08
 7.75 7.74 -18.84
 7.71 7.55 -18.61
 7.72 7.36 -18.38
 7.72 7.16 -18.15
 7.66 6.96 -17.93
 7.52 6.78 -17.71
 7.31 6.61 -17.48
 7.05 6.47 -17.23
 7.05 6.47 -17.23
 7.49 -0.89 -13.96
 7.67 -1.10 -14.02
 7.85 -1.31 -14.10
 8.03 -1.53 -14.20
 8.16 -1.75 -14.30
 8.27 -1.99 -14.39
 8.35 -2.25 -14.47
 8.44 -2.56 -14.53
 8.54 -2.89 -14.57
 8.65 -3.25 -14.61
 8.75 -3.61 -14.64
 8.83 -3.99 -14.67
 8.86 -4.34 -14.70
 8.82 -4.69 -14.73
 8.73 -5.00 -14.73
 8.65 -5.29 -14.74
 8.65 -5.29 -14.74
 10.86 -16.61 -20.00
 10.86 -17.02 -20.29
 10.90 -17.45 -20.64
 10.91 -17.88 -21.00
 10.88 -18.30 -21.37
 10.82 -18.74 -21.70
 10.77 -19.17 -22.01
 10.72 -19.61 -22.32
 10.65 -20.06 -22.62
 10.53 -20.48 -22.91
 10.34 -20.88 -23.19
 10.10 -21.26 -23.47
 9.85 -21.65 -23.76
 9.63 -22.05 -24.07
