 2.44 11.47 -17.58
 2.40 11.49 -17.57
 2.36 11.49 -17.54
 2.33 11.44 -17.52
 2.37 11.43 -17.49
 2.37 11.43 -17.49
 5.95 12.60 -13.48
 6.54 11.74 -13.15
 7.08 10.84 -12.89
 7.52 9.95 -12.69
 7.89 9.09 -12.51
 8.24 8.28 -12.35
 8.56 7.49 -12.23
 8.88 6.69 -12.14
 9.24 5.86 -12.09
 9.24 5.86 -12.09
 16.84 -9.76 -14.55
 17.08 -10.61 -14.95
 17.32 -11.45 -15.36
 17.54 -12.26 -15.74
 17.70 -13.03 -16.08
 17.77 -13.74 -16.41
 17.74 -14.42 -16.78
 17.66 -15.09 -17.20
 17.56 -15.76 -17.68
 17.49 -16.42 -18.20
 17.46 -17.08 -18.74
 17.45 -17.74 -19.28
 17.46 -18.40 -19.80
 17.42 -19.04 -20.31
 17.29 -19.68 -20.84
 17.29 -19.68 -20.84
 3.12 -27.62 -45.11
 2.94 -27.61 -45.82
 2.81 -27.58 -46.48
 2.71 -27.50 -47.07
 2.59 -27.37 -47.61
 2.42 -27.18 -48.10
 2.20 -26.93 -48.58
 1.95 -26.63 -49.04
 1.70 -26.30 -49.49
 1.49 -25.93 -49.94
 1.36 -25.57 -50.39
 1.30 -25.21 -50.84
 1.31 -24.88 -51.27
 1.35 -24.58 -51.70
 1.43 -24.30 -52.14
 1.51 -24.05 -52.58
 1.51 -24.05 -52.58
 6.82 -14.47 -62.91
 7.11 -14.12 -63.09
 7.40 -13.79 -63.25
 7.65 -13.45 -63.40
 7.80 -13.09 -63.52
 7.86 -12.70 -63.60
 7.89 -12.27 -63.65
 7.92 -11.84 -63.67
 8.00 -11.41 -63.65
 8.16 -11.00 -63.61
 8.36 -10.61 -63.56
 8.58 -10.22 -63.51
 8.81 -9.82 -63.46
 9.02 -9.39 -63.40
 9.23 -8.93 -63.32
 9.51 -8.44 -63.23
 9.51 -8.44 -63.23
 22.94 4.86 -54.85
 23.21 5.09 -54.50
 23.45 5.31 -54.17
 23.67 5.55 -53.84
 23.87 5.80 -53.52
 24.06 6.09 -53.18
 24.23 6.38 -52.83
 24.37 6.66 -52.46
 24.48 6.92 -52.07
 24.56 7.19 -51.69
 24.61 7.47 -51.29
 24.66 7.78 -50.86
 24.69 8.15 -50.42
 24.72 8.54 -49.96
 24.74 8.93 -49.49
 24.75 9.30 -49.02
 24.75 9.30 -49.02
 23.85 12.67 -36.48
 23.71 12.67 -36.20
 23.60 12.68 -35.92
 23.46 12.72 -35.62
 23.29 12.79 -35.28
 23.08 12.87 -34.93
 22.84 12.96 -34.60
 22.57 13.02 -34.31
 22.28 13.06 -34.09
 22.02 13.07 -33.92
 21.80 13.06 -33.78
 21.65 13.04 -33.64
 21.53 13.00 -33.46
 21.44 12.96 -33.23
 21.35 12.91 -32.94
 21.28 12.88 -32.62
 21.28 12.88 -32.62
 19.51 12.36 -22.92
 19.53 12.30 -22.73
 19.53 12.24 -22.54
 19.50 12.15 -22.33
 19.46 12.04 -22.12
 19.43 11.92 -21.91
 19.43 11.78 -21.70
 19.44 11.63 -21.49
 19.45 11.46 -21.29
 19.40 11.31 -21.11
 19.34 11.17 -20.93
 19.26 11.05 -20.76
 19.20 10.93 -20.60
 19.15 10.82 -20.45
 19.09 10.69 -20.30
 19.05 10.54 -20.16
 19.05 10.54 -20.16
 16.59 4.09 -19.13
 16.37 3.92 -19.18
 16.14 3.77 -19.23
 15.94 3.63 -19.30
 15.72 3.49 -19.37
 15.44 3.35 -19.44
 15.08 3.22 -19.49
 14.68 3.11 -19.53
 14.24 3.03 -19.57
 13.77 2.97 -19.60
 13.31 2.94 -19.63
 12.88 2.92 -19.65
 12.49 2.89 -19.67
 12.15 2.86 -19.70
 11.88 2.81 -19.75
 11.66 2.74 -19.82
 11.66 2.74 -19.82
 2.73 -2.88 -21.88
 2.58 -3.14 -22.02
 2.49 -3.37 -22.17
 2.43 -3.61 -22.33
 2.35 -3.86 -22.48
 2.15 -4.11 -22.59
 1.87 -4.38 -22.66
 1.55 -4.67 -22.71
 1.23 -4.98 -22.75
 0.95 -5.33 -22.78
 0.78 -5.72 -22.83
 0.70 -6.16 -22.91
 0.69 -6.62 -23.02
 0.69 -7.06 -23.17
 0.65 -7.48 -23.33
 0.52 -7.89 -23.49
