 -10.97 -12.46 28.69
 -10.95 -12.48 28.70
 -10.95 -12.48 28.72
 -10.97 -12.48 28.76
 -10.99 -12.47 28.81
 -11.03 -12.48 28.86
 -11.06 -12.49 28.91
 -11.08 -12.53 28.95
 -11.10 -12.57 28.99
 -11.12 -12.61 29.02
 -11.13 -12.64 29.04
 -11.13 -12.67 29.04
 -11.12 -12.68 29.05
 -11.11 -12.67 29.04
 -11.11 -12.67 29.04
 -11.04 -14.04 29.17
 -10.77 -14.11 29.50
 -10.56 -14.19 29.92
 -10.38 -14.26 30.43
 -10.22 -14.33 31.02
 -10.05 -14.36 31.69
 -9.84 -14.34 32.41
 -9.57 -14.24 33.19
 -9.22 -14.08 33.99
 -8.81 -13.86 34.80
 -8.39 -13.60 35.64
 -7.99 -13.25 36.50
 -7.59 -12.78 37.38
 -7.12 -12.17 38.26
 -6.60 -11.43 39.08
 -6.60 -11.43 39.08
 10.42 37.59 43.42
 11.25 38.02 43.54
 11.89 38.42 43.47
 12.42 38.74 43.23
 13.05 38.97 42.94
 13.88 39.14 42.63
 14.77 39.27 42.20
 15.63 39.35 41.63
 16.43 39.33 40.99
 17.11 39.17 40.23
 17.66 38.90 39.40
 18.22 38.61 38.58
 18.87 38.40 37.80
 19.58 38.27 37.04
 20.32 38.25 36.35
 21.08 38.32 35.77
 21.08 38.32 35.77
 38.14 -4.19 -3.31
 35.65 -4.77 -1.44
 32.91 -5.00 0.82
 29.98 -5.00 3.37
 27.04 -4.92 6.09
 24.27 -4.89 8.90
 21.90 -5.02 11.69
 20.00 -5.36 14.37
 18.51 -5.97 16.83
 17.45 -6.82 19.03
 16.68 -7.89 20.90
 16.00 -9.05 22.48
 15.30 -10.13 23.88
 14.52 -11.02 25.17
 13.73 -11.66 26.37
 13.07 -12.06 27.45
 13.07 -12.06 27.45
 1.48 -3.16 29.30
 1.37 -3.10 29.27
 1.29 -3.04 29.19
 1.29 -2.99 29.08
 1.36 -2.94 28.94
 1.52 -2.89 28.77
 1.73 -2.84 28.59
 1.92 -2.82 28.40
 1.97 -2.86 28.22
 1.87 -2.93 28.08
 1.69 -3.04 27.99
 1.47 -3.17 27.95
 1.24 -3.28 27.93
 1.02 -3.38 27.91
 0.82 -3.46 27.89
 0.67 -3.53 27.87
 0.57 -3.59 27.83
 0.57 -3.59 27.83
 -0.34 -4.82 27.36
 -0.40 -4.83 27.40
 -0.47 -4.83 27.44
 -0.57 -4.82 27.47
 -0.65 -4.81 27.48
 -0.73 -4.79 27.50
 -0.79 -4.79 27.50
 -0.83 -4.80 27.52
 -0.86 -4.83 27.54
 -0.91 -4.87 27.57
 -0.96 -4.91 27.60
 -0.99 -4.95 27.61
 -0.99 -4.99 27.61
 -0.97 -5.04 27.59
 -0.93 -5.08 27.54
 -0.90 -5.12 27.50
 -0.90 -5.12 27.50
 -2.74 -5.85 27.17
 -2.77 -5.86 27.16
 -2.80 -5.88 27.16
 -2.84 -5.91 27.17
 -2.89 -5.95 27.18
 -2.94 -5.98 27.20
 -3.00 -6.01 27.23
 -3.06 -6.04 27.26
 -3.12 -6.07 27.29
 -3.18 -6.09 27.31
 -3.22 -6.11 27.33
 -3.24 -6.13 27.34
 -3.25 -6.15 27.33
 -3.25 -6.16 27.31
 -3.23 -6.16 27.28
 -3.23 -6.16 27.27
 -3.23 -6.16 27.27
 -3.99 -6.67 27.39
 -3.97 -6.68 27.37
 -3.97 -6.69 27.35
 -3.99 -6.70 27.35
 -4.03 -6.72 27.36
 -4.08 -6.74 27.38
 -4.12 -6.76 27.40
 -4.15 -6.78 27.41
 -4.16 -6.81 27.42
 -4.17 -6.83 27.42
 -4.17 -6.86 27.41
 -4.17 -6.88 27.40
 -4.17 -6.90 27.38
 -4.19 -6.91 27.37
 -4.22 -6.93 27.36
 -4.26 -6.94 27.36
 -4.26 -6.94 27.36
 -5.46 -7.70 27.76
 -5.46 -7.73 27.75
 -5.46 -7.76 27.74
 -5.47 -7.79 27.72
 -5.49 -7.82 27.71
 -5.52 -7.84 27.70
 -5.54 -7.87 27.70
 -5.55 -7.89 27.69
 -5.58 -7.90 27.68
 -5.64 -7.91 27.68
 -5.74 -7.93 27.67
 -5.83 -7.97 27.67
 -5.88 -8.01 27.66
 -5.90 -8.05 27.66
 -5.90 -8.09 27.66
 -5.89 -8.11 27.66
