 1.81 2.09 103.77
 1.82 2.06 103.81
 1.82 2.06 103.81
 5.82 7.31 105.11
 5.48 7.10 105.23
 5.27 6.90 105.33
 5.19 6.71 105.40
 5.20 6.51 105.42
 5.26 6.29 105.38
 5.32 6.05 105.30
 5.38 5.75 105.20
 5.47 5.40 105.11
 5.58 5.01 105.05
 5.68 4.61 105.04
 5.79 4.20 105.10
 5.91 3.79 105.21
 6.04 3.35 105.30
 6.18 2.86 105.35
 6.35 2.32 105.34
 6.58 1.72 105.27
 6.58 1.72 105.27
 14.38 -17.19 95.01
 14.47 -17.53 94.32
 14.56 -17.88 93.59
 14.64 -18.21 92.83
 14.70 -18.52 92.02
 14.74 -18.82 91.20
 14.77 -19.09 90.36
 14.82 -19.32 89.54
 14.86 -19.49 88.75
 14.89 -19.59 88.01
 14.88 -19.65 87.29
 14.82 -19.68 86.60
 14.72 -19.71 85.92
 14.61 -19.76 85.24
 14.52 -19.83 84.54
 14.48 -19.89 83.81
 14.48 -19.89 83.81
 9.70 -15.02 66.34
 9.57 -14.70 66.13
 9.44 -14.37 65.94
 9.29 -14.05 65.77
 9.14 -13.76 65.60
 8.98 -13.51 65.43
 8.85 -13.28 65.22
 8.77 -13.06 64.97
 8.73 -12.82 64.69
 8.75 -12.55 64.39
 8.80 -12.25 64.12
 8.83 -11.96 63.89
 8.81 -11.68 63.71
 8.74 -11.42 63.59
 8.62 -11.17 63.49
 8.48 -10.92 63.38
 8.48 -10.92 63.38
 8.94 -2.37 59.03
 9.07 -2.19 59.06
 9.21 -1.98 59.15
 9.37 -1.73 59.29
 9.54 -1.42 59.47
 9.75 -1.07 59.67
 9.99 -0.71 59.85
 10.24 -0.36 60.01
 10.46 -0.04 60.16
 10.64 0.25 60.31
 10.77 0.52 60.46
 10.87 0.79 60.63
 10.97 1.06 60.79
 11.07 1.35 60.93
 11.20 1.64 61.06
 11.32 1.89 61.17
 11.42 2.11 61.28
 11.42 2.11 61.28
 12.28 6.17 68.05
 12.27 6.21 68.31
 12.33 6.24 68.54
 12.46 6.26 68.75
 12.62 6.26 68.97
 12.76 6.25 69.22
 12.86 6.23 69.50
 12.90 6.21 69.81
 12.91 6.21 70.15
 12.94 6.22 70.48
 13.01 6.23 70.79
 13.12 6.23 71.09
 13.29 6.22 71.38
 13.46 6.20 71.67
 13.61 6.18 71.95
 13.75 6.15 72.22
 13.90 6.12 72.50
 13.90 6.12 72.50
 17.22 5.55 81.92
 17.21 5.57 82.18
 17.19 5.59 82.45
 17.16 5.59 82.73
 17.12 5.58 83.01
 17.10 5.56 83.32
 17.09 5.53 83.64
 17.10 5.50 83.98
 17.15 5.49 84.32
 17.23 5.48 84.66
 17.31 5.44 85.00
 17.39 5.38 85.33
 17.47 5.29 85.65
 17.55 5.19 85.95
 17.63 5.09 86.24
 17.70 5.00 86.52
 17.75 4.92 86.80
 17.75 4.92 86.80
 14.27 2.86 95.85
 14.13 2.67 96.00
 13.90 2.47 96.16
 13.58 2.27 96.31
 13.21 2.08 96.47
 12.84 1.89 96.62
 12.54 1.70 96.75
 12.32 1.51 96.87
 12.17 1.33 96.99
 12.03 1.16 97.09
 11.85 0.99 97.19
 11.61 0.82 97.30
 11.31 0.63 97.40
 10.97 0.44 97.50
 10.65 0.24 97.60
 10.38 0.03 97.68
 10.17 -0.21 97.77
 10.17 -0.21 97.77
 3.16 -7.53 99.87
 2.74 -7.63 99.94
 2.29 -7.74 99.99
 1.84 -7.87 100.04
 1.41 -8.01 100.09
 1.01 -8.17 100.16
 0.63 -8.33 100.23
 0.29 -8.48 100.32
 -0.04 -8.65 100.42
 -0.37 -8.85 100.50
 -0.72 -9.09 100.57
 -1.07 -9.35 100.62
 -1.41 -9.62 100.67
 -1.76 -9.89 100.71
 -2.08 -10.17 100.74
 -2.40 -10.43 100.78
 -2.40 -10.43 100.78
 -8.92 -12.97 99.82
 -9.02 -12.83 99.80
 -9.14 -12.71 99.79
 -9.24 -12.61 99.79
 -9.32 -12.54 99.80
 -9.35 -12.48 99.83
