 2.91 -4.04 95.81
 3.05 -3.71 95.95
 3.46 -3.37 96.11
 3.95 -2.82 96.29
 4.23 -2.05 96.49
 4.37 -1.25 96.72
 4.31 -0.55 97.00
 4.09 -0.04 97.29
 3.80 0.21 97.57
 3.52 0.23 97.79
 3.32 0.14 97.95
 3.19 0.01 98.02
 3.19 -0.12 98.02
 3.19 -0.12 98.02
 5.16 -3.39 96.02
 5.31 -3.63 96.02
 5.46 -3.87 96.02
 5.64 -4.13 95.98
 5.84 -4.41 95.91
 6.06 -4.72 95.80
 6.28 -5.05 95.65
 6.50 -5.40 95.48
 6.67 -5.74 95.32
 6.80 -6.08 95.21
 6.94 -6.43 95.12
 7.04 -6.79 95.06
 7.14 -7.14 95.01
 7.21 -7.50 94.97
 7.30 -7.84 94.92
 7.43 -8.15 94.86
 7.62 -8.43 94.78
 7.62 -8.43 94.78
 9.10 -15.91 93.95
 9.88 -16.17 93.96
 10.08 -16.43 93.99
 9.85 -16.08 94.18
 10.02 -15.49 94.37
 10.07 -14.88 94.57
 10.16 -14.39 94.67
 10.11 -13.92 94.80
 10.13 -13.53 94.93
 10.28 -13.35 95.02
 10.48 -13.43 95.12
 10.86 -13.81 95.18
 11.44 -14.47 95.07
 12.03 -15.34 94.73
 12.58 -16.22 94.24
 13.15 -17.00 93.63
 13.15 -17.00 93.63
 13.28 -22.91 83.55
 13.37 -22.97 82.81
 13.43 -23.03 82.08
 13.45 -23.07 81.40
 13.43 -23.08 80.78
 13.37 -23.08 80.22
 13.30 -23.06 79.71
 13.22 -23.00 79.22
 13.15 -22.90 78.73
 13.11 -22.75 78.24
 13.08 -22.52 77.75
 13.05 -22.23 77.31
 12.99 -21.91 76.92
 12.88 -21.63 76.57
 12.75 -21.40 76.22
 12.61 -21.23 75.88
 12.61 -21.23 75.88
 10.34 -10.29 63.28
 10.19 -9.87 63.10
 10.04 -9.46 62.94
 9.89 -9.06 62.84
 9.73 -8.66 62.78
 9.57 -8.25 62.77
 9.42 -7.85 62.75
 9.30 -7.45 62.71
 9.21 -7.06 62.63
 9.17 -6.68 62.51
 9.18 -6.30 62.35
 9.20 -5.93 62.21
 9.22 -5.54 62.10
 9.22 -5.16 62.02
 9.18 -4.79 61.99
 9.12 -4.43 61.99
 9.05 -4.08 62.00
 9.05 -4.08 62.00
 11.53 7.10 66.48
 11.51 7.29 66.82
 11.54 7.48 67.19
 11.61 7.66 67.59
 11.68 7.82 67.99
 11.74 7.97 68.38
 11.79 8.12 68.76
 11.87 8.25 69.10
 12.01 8.36 69.42
 12.18 8.49 69.73
 12.33 8.64 70.03
 12.44 8.81 70.33
 12.46 8.99 70.64
 12.42 9.14 70.95
 12.35 9.27 71.26
 12.29 9.36 71.59
 12.26 9.43 71.95
 12.26 9.43 71.95
 13.45 9.73 83.37
 13.46 9.62 83.66
 13.42 9.51 83.98
 13.36 9.41 84.33
 13.28 9.30 84.68
 13.22 9.20 85.03
 13.20 9.10 85.35
 13.23 8.99 85.63
 13.30 8.88 85.89
 13.35 8.76 86.11
 13.37 8.62 86.33
 13.36 8.46 86.56
 13.30 8.28 86.80
 13.22 8.11 87.05
 13.14 7.96 87.32
 13.08 7.83 87.59
 13.01 7.71 87.86
 13.01 7.71 87.86
 9.12 -1.77 93.02
 9.06 -2.08 93.07
 9.08 -2.35 93.11
 9.14 -2.56 93.15
 9.19 -2.74 93.20
 9.16 -2.90 93.26
 9.06 -3.10 93.32
 8.88 -3.35 93.38
 8.66 -3.64 93.43
 8.45 -3.96 93.50
 8.31 -4.25 93.58
 8.28 -4.51 93.66
 8.36 -4.70 93.74
 8.48 -4.85 93.81
 8.59 -4.96 93.86
 8.61 -5.07 93.89
 8.52 -5.22 93.91
 8.52 -5.22 93.91
 7.35 -6.73 92.83
 7.29 -6.70 92.79
 7.21 -6.65 92.77
 7.12 -6.59 92.76
 7.01 -6.53 92.77
 6.91 -6.49 92.80
 6.84 -6.46 92.84
 6.80 -6.45 92.88
 6.76 -6.42 92.90
 6.72 -6.35 92.92
 6.68 -6.26 92.94
 6.65 -6.16 92.96
 0.90 -4.07 97.78
 0.82 -4.26 97.75
 0.89 -4.49 97.72
 1.05 -4.65 97.69
 1.20 -4.73 97.66
 1.31 -4.75 97.64
 1.37 -4.74 97.64
 1.35 -4.72 97.67
 1.27 -4.73 97.72
 1.18 -4.77 97.79
 1.18 -4.77 97.79
 2.13 -1.03 99.76
 2.21 -1.11 99.75
 2.33 -1.21 99.74
 2.46 -1.32 99.75
 2.60 -1.48 99.79
 2.72 -1.71 99.86
 2.83 -1.99 99.96
 2.93 -2.33 100.08
 3.05 -2.69 100.22
 3.21 -3.04 100.36
 3.41 -3.38 100.49
 3.67 -3.69 100.61
 3.93 -3.97 100.70
 4.18 -4.22 100.77
 4.43 -4.47 100.81
 4.66 -4.70 100.81
 4.86 -4.93 100.79
 4.86 -4.93 100.79
 13.06 -19.08 90.48
 13.25 -19.52 90.10
 13.43 -19.97 89.64
 13.61 -20.41 89.12
 13.81 -20.82 88.57
 14.01 -21.21 88.04
 14.23 -21.58 87.54
 14.42 -22.00 87.05
 14.58 -22.49 86.58
 14.69 -23.04 86.11
 14.79 -23.64 85.62
 14.89 -24.26 85.11
 14.99 -24.88 84.54
 15.10 -25.48 83.93
 15.24 -26.05 83.25
 15.39 -26.61 82.50
 15.39 -26.61 82.50
 9.16 -35.42 55.87
 9.13 -35.04 55.38
 9.08 -34.67 54.92
 9.00 -34.29 54.46
 8.92 -33.87 53.98
 8.90 -33.42 53.44
 8.96 -32.92 52.85
 9.07 -32.39 52.23
 9.19 -31.86 51.65
 9.30 -31.37 51.15
 9.37 -30.93 50.72
 9.50 -30.53 50.29
 9.70 -30.11 49.78
 9.99 -29.65 49.19
 10.36 -29.14 48.51
 10.72 -28.58 47.81
 10.72 -28.58 47.81
 19.02 -9.78 40.62
 19.23 -9.19 40.71
 19.41 -8.60 40.88
 19.59 -8.05 41.12
 19.78 -7.53 41.37
 19.99 -7.05 41.59
 20.24 -6.60 41.76
 20.53 -6.18 41.90
 20.84 -5.77 42.01
 21.17 -5.37 42.14
 21.49 -4.96 42.30
 21.79 -4.52 42.51
 22.06 -4.07 42.76
 22.31 -3.63 43.00
 22.57 -3.19 43.21
 22.84 -2.77 43.39
 22.84 -2.77 43.39
 31.05 4.13 54.61
 31.28 4.14 55.00
 31.49 4.19 55.42
 31.71 4.26 55.86
 31.90 4.36 56.31
 32.07 4.45 56.76
 32.24 4.56 57.19
 32.45 4.65 57.59
 32.71 4.76 57.99
 32.97 4.88 58.39
 33.21 5.00 58.82
 33.43 5.13 59.29
 33.63 5.24 59.77
 33.84 5.35 60.25
 34.06 5.43 60.69
 34.29 5.49 61.09
 34.51 5.54 61.48
 34.51 5.54 61.48
 41.48 9.61 77.58
 41.67 9.64 78.00
 41.86 9.63 78.38
 42.02 9.61 78.77
 42.11 9.59 79.18
 42.12 9.59 79.64
 42.12 9.62 80.14
 42.16 9.67 80.66
 42.24 9.74 81.18
 42.36 9.81 81.70
 42.53 9.88 82.19
 42.68 9.94 82.68
 42.78 10.00 83.19
 42.86 10.06 83.73
 43.00 10.14 84.29
 43.29 10.22 84.84
 43.63 10.27 85.34
 43.63 10.27 85.34
 45.27 0.11 95.80
 44.29 -0.46 95.90
 43.42 -1.02 95.96
 42.71 -1.56 95.95
 42.10 -2.08 95.90
 41.54 -2.60 95.81
 40.97 -3.14 95.70
 40.31 -3.70 95.59
 39.52 -4.31 95.51
 38.67 -4.97 95.47
 37.83 -5.68 95.42
 37.05 -6.39 95.36
 36.40 -7.08 95.28
 35.87 -7.75 95.15
 35.43 -8.42 94.97
 35.03 -9.08 94.75
 35.03 -9.08 94.75
 12.90 -25.95 92.01
 12.55 -26.06 92.09
 12.21 -26.16 92.16
 11.92 -26.25 92.21
 11.70 -26.33 92.23
 11.55 -26.38 92.21
 11.47 -26.38 92.18
 11.44 -26.34 92.14
 11.45 -26.29 92.13
 11.46 -26.24 92.13
 11.46 -26.19 92.17
 11.43 -26.16 92.24
 11.39 -26.13 92.30
 11.35 -26.12 92.33
 11.32 -26.13 92.31
 11.31 -26.15 92.24
 11.31 -26.15 92.24
