 4.53 -3.89 -17.40
 4.45 -3.26 -17.39
 4.38 -2.83 -17.42
 4.30 -2.56 -17.49
 4.25 -2.43 -17.57
 4.28 -2.41 -17.66
 4.38 -2.49 -17.75
 4.51 -2.66 -17.85
 4.68 -2.92 -17.94
 4.86 -3.27 -18.02
 5.04 -3.67 -18.08
 5.23 -4.09 -18.14
 5.45 -4.49 -18.21
 5.73 -4.81 -18.32
 5.73 -4.81 -18.32
 11.65 -15.48 -16.97
 11.71 -16.15 -17.47
 11.74 -16.78 -17.96
 11.74 -17.35 -18.43
 11.70 -17.85 -18.85
 11.60 -18.29 -19.24
 11.44 -18.68 -19.61
 11.23 -19.06 -19.96
 11.00 -19.47 -20.32
 10.81 -19.92 -20.68
 10.66 -20.41 -21.06
 10.57 -20.92 -21.45
 10.52 -21.46 -21.86
 10.47 -22.00 -22.27
 10.42 -22.53 -22.69
 10.42 -22.53 -22.69
 4.12 -31.63 -40.01
 3.75 -31.71 -40.64
 3.37 -31.74 -41.29
 2.99 -31.78 -41.94
 2.64 -31.86 -42.61
 2.33 -32.01 -43.30
 2.07 -32.20 -44.02
 1.85 -32.42 -44.78
 1.66 -32.61 -45.57
 1.49 -32.75 -46.41
 1.31 -32.82 -47.29
 1.14 -32.84 -48.20
 0.96 -32.84 -49.15
 0.77 -32.84 -50.09
 0.58 -32.86 -51.00
 0.37 -32.88 -51.87
 0.37 -32.88 -51.87
 -0.22 -27.87 -76.47
 -0.23 -27.58 -77.03
 -0.24 -27.27 -77.59
 -0.24 -26.94 -78.14
 -0.20 -26.59 -78.67
 -0.14 -26.24 -79.17
 -0.07 -25.86 -79.65
 -0.03 -25.46 -80.10
 -0.02 -25.04 -80.53
 -0.04 -24.62 -80.94
 -0.08 -24.21 -81.32
 -0.12 -23.81 -81.68
 -0.13 -23.44 -82.03
 -0.10 -23.06 -82.35
 -0.06 -22.67 -82.65
 -0.06 -22.67 -82.65
 7.86 -8.37 -87.44
 8.26 -8.11 -87.34
 8.71 -7.89 -87.19
 9.17 -7.69 -86.99
 9.64 -7.50 -86.74
 10.07 -7.28 -86.47
 10.44 -7.05 -86.19
 10.76 -6.80 -85.90
 11.04 -6.52 -85.61
 11.34 -6.21 -85.32
 11.65 -5.84 -85.01
 11.97 -5.42 -84.68
 12.27 -4.96 -84.32
 12.56 -4.48 -83.95
 12.82 -4.01 -83.56
 13.05 -3.54 -83.17
 13.05 -3.54 -83.17
 15.81 7.29 -66.89
 15.90 7.29 -66.40
 15.98 7.32 -65.90
 16.04 7.39 -65.40
 16.06 7.47 -64.92
 16.03 7.56 -64.44
 15.97 7.63 -63.97
 15.93 7.69 -63.52
 15.91 7.72 -63.06
 15.87 7.77 -62.57
 15.81 7.84 -62.06
 15.74 7.91 -61.55
 15.65 7.97 -61.05
 15.57 8.01 -60.57
 15.53 8.02 -60.11
 15.55 7.99 -59.68
 15.55 7.99 -59.68
 15.81 7.98 -46.38
 15.68 8.07 -45.99
 15.50 8.16 -45.59
 15.29 8.24 -45.19
 15.07 8.32 -44.78
 14.84 8.41 -44.37
 14.63 8.51 -43.95
 14.44 8.61 -43.54
 14.44 8.61 -43.54
 6.59 13.65 -35.33
 6.67 13.35 -34.98
 6.72 13.02 -34.64
 6.78 12.68 -34.31
 6.83 12.32 -33.97
 6.87 11.96 -33.60
 6.91 11.60 -33.22
 6.95 11.26 -32.84
 7.01 10.94 -32.47
 7.09 10.62 -32.11
 7.14 10.33 -31.75
 7.17 10.05 -31.39
 7.15 9.79 -31.02
 7.06 9.54 -30.62
 6.91 9.30 -30.19
 6.74 9.07 -29.74
 6.74 9.07 -29.74
 4.81 0.08 -19.61
 4.76 -0.07 -19.55
 4.69 -0.21 -19.48
 4.60 -0.36 -19.41
 4.51 -0.52 -19.34
 4.42 -0.69 -19.28
 4.36 -0.88 -19.24
 4.32 -1.09 -19.22
 4.32 -1.09 -19.22
 2.39 -3.39 -18.41
 2.32 -3.45 -18.44
 2.29 -3.55 -18.48
 2.29 -3.68 -18.51
 2.29 -3.82 -18.52
 2.23 -3.97 -18.50
 2.11 -4.11 -18.46
 1.94 -4.24 -18.41
 1.77 -4.34 -18.36
 1.63 -4.45 -18.34
 1.54 -4.56 -18.35
 1.50 -4.70 -18.39
 1.49 -4.87 -18.44
 1.50 -5.05 -18.49
 1.52 -5.25 -18.53
 1.55 -5.42 -18.53
 1.55 -5.42 -18.53
