 0.25 1.07 -13.09
 0.28 1.00 -13.03
 0.74 1.29 -12.95
 0.86 1.93 -12.90
 0.39 2.31 -12.86
 0.39 2.31 -12.86
 -0.55 3.64 -11.83
 -0.52 4.21 -11.77
 -0.65 4.65 -11.67
 -0.87 4.92 -11.51
 -1.11 5.06 -11.33
 -1.35 5.11 -11.14
 -1.54 5.08 -10.95
 -1.61 5.00 -10.83
 -1.52 4.90 -10.81
 -1.32 4.78 -10.86
 -1.11 4.69 -10.95
 -0.94 4.63 -11.00
 -0.85 4.62 -10.95
 -0.83 4.63 -10.80
 -0.87 4.62 -10.57
 -0.98 4.54 -10.29
 -0.98 4.54 -10.29
 0.93 -2.11 -10.57
 1.19 -2.27 -10.96
 1.37 -2.52 -11.34
 1.42 -2.81 -11.66
 1.38 -3.12 -11.89
 1.27 -3.40 -12.06
 1.15 -3.64 -12.19
 1.07 -3.81 -12.32
 1.06 -3.95 -12.48
 1.11 -4.08 -12.68
 1.22 -4.21 -12.92
 1.36 -4.34 -13.20
 1.51 -4.46 -13.48
 1.65 -4.55 -13.75
 1.77 -4.62 -14.02
 1.89 -4.68 -14.29
 1.96 -4.78 -14.56
 1.96 -4.78 -14.56
 4.93 -9.68 -27.28
 5.17 -9.76 -27.77
 5.30 -9.76 -28.21
 5.40 -9.74 -28.61
 5.55 -9.73 -29.05
 5.81 -9.77 -29.56
 6.13 -9.80 -30.14
 6.49 -9.80 -30.72
 6.81 -9.77 -31.26
 7.06 -9.70 -31.73
 7.24 -9.62 -32.14
 7.37 -9.54 -32.52
 7.50 -9.47 -32.90
 7.66 -9.39 -33.30
 7.84 -9.31 -33.71
 8.03 -9.23 -34.14
 8.03 -9.23 -34.14
 10.53 -3.11 -40.99
 10.45 -2.80 -41.00
 10.37 -2.49 -41.01
 10.28 -2.22 -41.02
 10.22 -1.99 -41.05
 10.19 -1.77 -41.08
 10.18 -1.53 -41.12
 10.18 -1.26 -41.15
 10.17 -0.94 -41.17
 10.12 -0.58 -41.19
 10.02 -0.21 -41.18
 9.88 0.14 -41.17
 9.72 0.44 -41.16
 9.57 0.71 -41.14
 9.44 0.94 -41.12
 9.33 1.17 -41.12
 9.33 1.17 -41.12
 5.96 10.38 -39.04
 6.05 10.60 -38.98
 6.15 10.82 -38.94
 6.19 11.05 -38.89
 6.17 11.27 -38.82
 6.08 11.47 -38.73
 5.92 11.64 -38.61
 5.75 11.81 -38.47
 5.60 11.98 -38.32
 5.48 12.16 -38.19
 5.44 12.34 -38.08
 5.49 12.51 -38.00
 5.59 12.69 -37.93
 5.70 12.89 -37.86
 5.77 13.08 -37.77
 5.77 13.30 -37.65
 5.77 13.30 -37.65
 4.07 19.10 -31.82
 4.23 19.26 -31.58
 4.35 19.40 -31.34
 4.43 19.53 -31.09
 4.47 19.65 -30.82
 4.46 19.78 -30.55
 4.43 19.92 -30.27
 4.40 20.06 -30.00
 4.40 20.06 -30.00
 4.47 21.27 -25.64
 4.35 21.34 -25.36
 4.23 21.43 -25.06
 4.16 21.52 -24.76
 4.14 21.60 -24.47
 4.20 21.67 -24.19
 4.27 21.70 -23.94
 4.33 21.70 -23.71
 4.38 21.66 -23.47
 4.41 21.60 -23.24
 4.40 21.55 -23.01
 4.38 21.51 -22.77
 4.37 21.49 -22.53
 4.38 21.50 -22.28
 4.40 21.52 -22.02
 4.41 21.57 -21.75
 4.41 21.57 -21.75
 3.62 22.45 -14.71
 3.60 22.42 -14.53
 3.53 22.40 -14.34
 3.42 22.40 -14.13
 3.31 22.41 -13.91
 3.23 22.44 -13.68
 3.22 22.46 -13.46
 3.25 22.47 -13.27
 3.31 22.45 -13.11
 3.36 22.41 -12.97
 3.38 22.36 -12.82
 3.35 22.31 -12.68
 3.28 22.28 -12.51
 3.20 22.26 -12.32
 3.13 22.26 -12.13
 3.09 22.26 -11.94
 3.09 22.26 -11.94
 3.43 19.68 -6.66
 3.48 19.53 -6.57
 3.53 19.35 -6.49
 3.59 19.18 -6.42
 3.67 19.02 -6.36
 3.77 18.86 -6.29
 3.86 18.72 -6.24
 3.94 18.56 -6.18
 3.98 18.39 -6.11
 3.98 18.23 -6.02
 3.95 18.09 -5.91
 3.92 17.98 -5.79
 3.91 17.88 -5.68
 3.95 17.77 -5.59
 4.04 17.64 -5.53
