 3.47 2.58 106.98
 3.66 2.38 107.11
 3.85 2.17 107.25
 4.04 1.97 107.40
 4.24 1.77 107.56
 4.43 1.57 107.72
 4.60 1.34 107.88
 4.74 1.07 108.04
 4.85 0.76 108.20
 4.96 0.39 108.37
 5.09 -0.02 108.55
 5.28 -0.45 108.74
 5.56 -0.90 108.95
 5.93 -1.32 109.17
 6.39 -1.72 109.37
 6.39 -1.72 109.37
 15.09 -17.76 101.22
 15.04 -18.25 100.57
 15.02 -18.74 99.92
 15.06 -19.21 99.25
 15.18 -19.63 98.57
 15.35 -20.02 97.85
 15.51 -20.41 97.12
 15.64 -20.82 96.38
 15.70 -21.28 95.64
 15.69 -21.76 94.90
 15.66 -22.24 94.17
 15.61 -22.70 93.43
 15.59 -23.13 92.68
 15.57 -23.51 91.92
 15.58 -23.88 91.17
 15.60 -24.24 90.41
 15.60 -24.24 90.41
 11.65 -32.17 58.54
 11.28 -32.03 58.16
 10.90 -31.89 57.83
 10.57 -31.78 57.48
 10.30 -31.68 57.06
 10.12 -31.56 56.54
 9.99 -31.41 55.95
 9.87 -31.23 55.36
 9.73 -31.05 54.82
 9.56 -30.87 54.35
 9.33 -30.70 53.95
 9.08 -30.54 53.63
 8.82 -30.37 53.33
 8.57 -30.19 53.05
 8.35 -29.97 52.78
 8.16 -29.73 52.50
 8.16 -29.73 52.50
 6.85 -21.00 43.19
 6.91 -20.75 43.05
 7.00 -20.46 42.93
 7.13 -20.13 42.79
 7.26 -19.77 42.61
 7.38 -19.42 42.38
 7.45 -19.10 42.11
 7.46 -18.83 41.83
 7.46 -18.83 41.83
 8.21 -13.89 39.13
 8.46 -13.75 38.85
 8.64 -13.57 38.54
 8.72 -13.34 38.25
 8.65 -13.03 38.04
 8.51 -12.65 37.92
 8.37 -12.21 37.83
 8.29 -11.73 37.74
 8.28 -11.22 37.59
 8.34 -10.70 37.40
 8.42 -10.21 37.18
 8.49 -9.78 36.95
 8.52 -9.41 36.74
 8.50 -9.09 36.59
 8.44 -8.81 36.50
 8.38 -8.55 36.46
 8.35 -8.31 36.43
 8.35 -8.31 36.43
 12.77 1.06 36.33
 13.06 1.22 36.47
 13.35 1.40 36.61
 13.63 1.58 36.76
 13.86 1.72 36.92
 14.04 1.83 37.07
 14.20 1.89 37.22
 14.36 1.94 37.35
 14.55 2.02 37.48
 14.79 2.16 37.60
 15.06 2.38 37.75
 15.33 2.66 37.94
 15.57 2.97 38.16
 15.74 3.28 38.43
 15.86 3.53 38.76
 15.99 3.71 39.12
 16.17 3.81 39.49
 16.17 3.81 39.49
 21.97 7.55 54.88
 22.14 7.42 55.37
 22.28 7.32 55.87
 22.39 7.25 56.39
 22.52 7.17 56.92
 22.66 7.05 57.43
 22.78 6.91 57.91
 22.85 6.78 58.36
 22.87 6.65 58.80
 22.86 6.56 59.23
 22.82 6.50 59.66
 22.80 6.47 60.09
 22.84 6.45 60.55
 22.93 6.43 61.03
 23.10 6.37 61.51
 23.29 6.26 61.96
 23.45 6.12 62.36
 23.45 6.12 62.36
 23.58 0.35 70.45
 23.42 0.11 70.60
 23.22 -0.13 70.77
 23.01 -0.37 70.96
 22.84 -0.60 71.13
 22.73 -0.83 71.27
 22.69 -1.06 71.36
 22.67 -1.30 71.43
 22.62 -1.54 71.49
 22.52 -1.78 71.56
 22.34 -2.03 71.68
 22.13 -2.25 71.83
 21.91 -2.46 71.99
 21.72 -2.65 72.15
 21.57 -2.86 72.27
 21.43 -3.13 72.33
 21.31 -3.44 72.33
 21.31 -3.44 72.33
 14.95 -12.42 74.34
 14.88 -12.53 74.42
 14.77 -12.66 74.47
 14.55 -12.78 74.55
 14.20 -12.88 74.68
 13.78 -12.97 74.85
 13.34 -13.04 75.03
 12.97 -13.14 75.16
 12.71 -13.27 75.23
 12.53 -13.42 75.24
 12.38 -13.58 75.22
 12.18 -13.75 75.22
 11.93 -13.93 75.27
 11.61 -14.12 75.37
 11.21 -14.34 75.54
 10.80 -14.58 75.73
 10.80 -14.58 75.73
 3.30 -18.67 76.79
 3.28 -18.64 76.79
