 -10.26 -20.50 -4.31
 -9.61 -20.67 -4.49
 -9.11 -20.84 -4.64
 -8.80 -20.99 -4.74
 -8.62 -21.11 -4.83
 -8.46 -21.20 -4.97
 -8.46 -21.20 -4.97
 -5.01 -22.90 -5.92
 -5.03 -22.94 -5.98
 -5.07 -22.97 -6.02
 -5.13 -23.00 -6.06
 -5.21 -23.04 -6.10
 -5.30 -23.08 -6.15
 -5.38 -23.15 -6.21
 -5.44 -23.23 -6.28
 -5.47 -23.34 -6.34
 -5.47 -23.45 -6.38
 -5.45 -23.59 -6.40
 -5.43 -23.73 -6.40
 -5.41 -23.88 -6.36
 -5.41 -24.04 -6.31
 -5.42 -24.21 -6.25
 -5.44 -24.39 -6.19
 -5.44 -24.39 -6.19
 -2.35 -26.20 16.73
 -2.00 -25.05 17.37
 -1.66 -23.85 17.98
 -1.29 -22.68 18.60
 -0.87 -21.56 19.20
 -0.44 -20.48 19.80
 -0.05 -19.37 20.38
 0.27 -18.17 20.94
 0.57 -16.82 21.45
 0.95 -15.36 21.91
 1.47 -13.86 22.29
 2.20 -12.43 22.55
 2.96 -11.16 22.71
 3.50 -10.06 22.77
 3.69 -9.09 22.75
 3.52 -8.12 22.67
 3.52 -8.12 22.67
 -16.16 19.83 14.24
 -15.61 20.19 13.28
 -14.97 20.54 12.29
 -14.34 20.91 11.26
 -13.72 21.28 10.22
 -13.10 21.64 9.21
 -12.54 22.02 8.20
 -12.13 22.40 7.20
 -11.82 22.75 6.25
 -11.56 23.08 5.39
 -11.37 23.39 4.62
 -11.24 23.72 3.94
 -11.12 24.02 3.36
 -10.97 24.28 2.89
 -10.81 24.50 2.46
 -10.62 24.70 2.06
 -10.62 24.70 2.06
 10.44 23.02 -16.48
 10.97 21.75 -17.09
 11.53 20.55 -17.70
 12.14 19.45 -18.28
 12.86 18.40 -18.82
 13.71 17.33 -19.36
 14.67 16.16 -19.95
 15.69 14.81 -20.62
 16.72 13.24 -21.39
 17.70 11.46 -22.26
 18.57 9.50 -23.19
 19.24 7.47 -24.14
 19.70 5.47 -25.07
 19.97 3.63 -25.91
 20.08 2.01 -26.64
 20.20 0.59 -27.24
 20.20 0.59 -27.24
 11.93 -36.85 -6.23
 11.69 -36.76 -6.10
 11.46 -36.59 -5.96
 11.23 -36.36 -5.83
 10.99 -36.11 -5.72
 10.71 -35.89 -5.62
 10.44 -35.70 -5.58
 10.20 -35.55 -5.61
 10.20 -35.55 -5.61
 8.99 -32.93 -7.61
 9.09 -32.86 -7.63
 9.27 -32.78 -7.69
 9.53 -32.70 -7.82
 9.82 -32.61 -8.00
 10.11 -32.54 -8.21
 10.40 -32.49 -8.44
 10.70 -32.45 -8.68
 10.98 -32.38 -8.89
 11.20 -32.24 -9.06
 11.34 -32.04 -9.16
 11.39 -31.80 -9.23
 11.41 -31.55 -9.27
 11.40 -31.31 -9.32
 11.42 -31.10 -9.38
 11.46 -30.89 -9.45
 11.46 -30.89 -9.45
 22.00 -21.05 -10.51
 21.85 -20.98 -10.50
 21.68 -20.91 -10.47
 21.47 -20.85 -10.43
 21.23 -20.80 -10.39
 20.98 -20.75 -10.33
 20.75 -20.71 -10.26
 20.55 -20.67 -10.19
 20.38 -20.62 -10.12
 20.24 -20.56 -10.06
 20.09 -20.48 -9.97
 19.96 -20.39 -9.88
 19.85 -20.28 -9.78
 19.77 -20.17 -9.71
 19.71 -20.07 -9.65
 19.71 -20.07 -9.65
 18.94 -20.47 -11.37
 18.99 -20.48 -11.41
 19.06 -20.48 -11.45
 19.14 -20.47 -11.49
 19.22 -20.46 -11.52
 19.29 -20.45 -11.54
 19.33 -20.45 -11.55
 19.34 -20.44 -11.56
 19.32 -20.45 -11.58
 19.29 -20.47 -11.61
 19.27 -20.49 -11.66
 19.26 -20.52 -11.71
 19.24 -20.55 -11.77
 19.23 -20.58 -11.81
 19.22 -20.63 -11.85
 19.22 -20.63 -11.85
 19.18 -21.80 -11.92
 19.22 -21.85 -11.96
 19.25 -21.89 -11.99
 19.24 -21.94 -12.00
 19.22 -21.98 -12.00
 19.18 -22.03 -11.99
 19.13 -22.07 -11.98
 19.09 -22.10 -11.98
 19.06 -22.13 -11.98
 19.03 -22.13 -11.98
 19.00 -22.13 -11.98
 18.98 -22.12 -11.98
 18.97 -22.12 -11.98
 18.95 -22.11 -11.96
 18.93 -22.11 -11.94
 18.93 -22.11 -11.94
 19.29 -22.20 -11.41
