 -1.96 2.14 -17.57
 -1.92 2.02 -17.61
 -1.92 1.86 -17.61
 -1.95 1.68 -17.59
 -1.80 1.66 -17.53
 -1.68 1.93 -17.51
 -1.78 2.43 -17.47
 -1.99 2.98 -17.38
 -2.16 3.51 -17.24
 -2.26 3.96 -17.09
 -2.30 4.30 -16.94
 -2.33 4.50 -16.78
 -2.34 4.62 -16.61
 -2.30 4.71 -16.44
 -2.30 4.71 -16.44
 3.87 -6.32 -16.46
 4.04 -6.81 -16.73
 4.14 -7.24 -17.02
 4.18 -7.63 -17.31
 4.19 -8.03 -17.60
 4.23 -8.52 -17.89
 4.35 -9.14 -18.20
 4.53 -9.91 -18.52
 4.77 -10.78 -18.88
 5.00 -11.68 -19.25
 5.18 -12.54 -19.64
 5.31 -13.33 -20.04
 5.41 -14.05 -20.47
 5.51 -14.68 -20.93
 5.57 -15.29 -21.41
 5.62 -15.89 -21.91
 5.62 -15.89 -21.91
 2.63 -27.59 -45.30
 2.45 -27.65 -46.27
 2.27 -27.71 -47.24
 2.10 -27.76 -48.21
 1.93 -27.79 -49.17
 1.74 -27.77 -50.12
 1.55 -27.71 -51.05
 1.36 -27.61 -51.98
 1.18 -27.48 -52.90
 1.03 -27.32 -53.84
 0.89 -27.14 -54.79
 0.76 -26.95 -55.74
 0.63 -26.73 -56.68
 0.48 -26.47 -57.59
 0.32 -26.17 -58.47
 0.13 -25.83 -59.33
 0.13 -25.83 -59.33
 1.94 -12.50 -80.67
 2.29 -12.23 -80.81
 2.64 -12.01 -80.92
 3.01 -11.83 -81.03
 3.40 -11.66 -81.14
 3.81 -11.48 -81.26
 4.22 -11.25 -81.38
 4.61 -10.96 -81.48
 4.98 -10.63 -81.56
 5.33 -10.30 -81.59
 5.67 -9.99 -81.58
 6.01 -9.72 -81.54
 6.37 -9.48 -81.48
 6.75 -9.25 -81.38
 7.15 -9.00 -81.26
 7.58 -8.72 -81.12
 7.58 -8.72 -81.12
 16.13 2.29 -67.76
 16.25 2.72 -67.10
 16.47 3.13 -66.54
 16.83 3.54 -66.06
 17.21 3.97 -65.62
 17.54 4.40 -65.18
 17.79 4.82 -64.70
 17.94 5.17 -64.18
 18.03 5.44 -63.61
 18.12 5.61 -62.97
 18.26 5.71 -62.29
 18.48 5.78 -61.60
 18.77 5.87 -60.93
 19.16 5.98 -60.33
 19.60 6.07 -59.79
 20.00 6.15 -59.30
 20.00 6.15 -59.30
 16.70 1.11 -52.74
 16.11 0.99 -52.46
 15.60 0.85 -52.13
 15.18 0.70 -51.79
 14.87 0.55 -51.48
 14.64 0.43 -51.20
 14.41 0.35 -50.95
 14.25 0.29 -50.72
 14.07 0.24 -50.51
 13.84 0.17 -50.27
 13.60 0.09 -49.96
 13.37 0.02 -49.58
 13.14 -0.05 -49.15
 12.93 -0.08 -48.67
 12.76 -0.08 -48.18
 12.64 -0.06 -47.70
 12.64 -0.06 -47.70
 10.89 1.39 -35.31
 10.65 1.53 -35.01
 10.38 1.67 -34.70
 10.11 1.78 -34.38
 9.86 1.85 -34.05
 9.62 1.90 -33.71
 9.40 1.93 -33.36
 9.17 1.97 -33.02
 8.92 2.04 -32.67
 8.64 2.11 -32.33
 8.33 2.19 -32.00
 8.01 2.25 -31.68
 7.70 2.29 -31.35
 7.41 2.29 -31.02
 7.12 2.28 -30.68
 6.84 2.28 -30.32
 6.55 2.30 -29.96
 6.55 2.30 -29.96
 -1.48 -2.95 -20.51
 -1.61 -3.29 -20.48
 -1.76 -3.60 -20.45
 -1.93 -3.89 -20.41
 -2.11 -4.19 -20.37
 -2.29 -4.50 -20.34
 -2.46 -4.81 -20.30
 -2.64 -5.12 -20.27
 -2.82 -5.43 -20.24
 -3.00 -5.73 -20.22
 -3.18 -6.03 -20.19
 -3.35 -6.32 -20.16
 -3.53 -6.62 -20.13
 -3.72 -6.91 -20.09
 -3.91 -7.20 -20.05
 -4.08 -7.50 -20.02
 -4.08 -7.50 -20.02
 -5.74 -13.81 -19.96
 -5.62 -13.67 -19.87
 -5.47 -13.56 -19.78
 -5.32 -13.46 -19.69
 -5.19 -13.38 -19.59
 -5.07 -13.29 -19.50
 -4.95 -13.20 -19.42
 -4.83 -13.10 -19.34
 -4.68 -12.99 -19.26
 -4.50 -12.89 -19.18
 -4.34 -12.79 -19.10
 -4.20 -12.69 -19.01
 -4.08 -12.58 -18.91
 -3.98 -12.48 -18.81
 -3.89 -12.38 -18.72
