 9.90 -10.19 -6.59
 10.01 -10.07 -6.63
 10.13 -9.92 -6.69
 10.16 -9.78 -6.72
 10.15 -9.62 -6.73
 10.19 -9.44 -6.74
 10.26 -9.23 -6.78
 10.28 -9.00 -6.81
 10.28 -9.00 -6.81
 11.39 -2.03 -7.29
 11.68 -2.21 -7.37
 11.94 -2.42 -7.42
 12.17 -2.65 -7.47
 12.36 -2.93 -7.56
 12.59 -3.27 -7.70
 12.95 -3.67 -7.92
 13.45 -4.15 -8.19
 13.98 -4.67 -8.47
 14.51 -5.23 -8.73
 15.06 -5.79 -8.95
 15.60 -6.36 -9.13
 16.06 -6.94 -9.26
 16.42 -7.54 -9.35
 16.76 -8.22 -9.45
 17.18 -8.97 -9.60
 17.18 -8.97 -9.60
 24.68 -35.55 -29.94
 24.68 -36.28 -30.83
 24.59 -36.95 -31.66
 24.42 -37.55 -32.44
 24.25 -38.11 -33.23
 24.06 -38.67 -34.05
 23.87 -39.26 -34.92
 23.70 -39.93 -35.88
 23.70 -39.93 -35.88
 16.81 -46.62 -53.20
 16.22 -46.62 -54.09
 15.63 -46.59 -54.94
 15.05 -46.52 -55.77
 14.49 -46.42 -56.59
 13.96 -46.30 -57.42
 13.45 -46.17 -58.27
 12.94 -46.04 -59.13
 12.46 -45.92 -60.01
 11.98 -45.78 -60.88
 11.51 -45.61 -61.71
 11.05 -45.40 -62.52
 10.63 -45.14 -63.31
 10.23 -44.85 -64.08
 9.84 -44.53 -64.83
 9.84 -44.53 -64.83
 6.80 -26.09 -80.45
 6.71 -25.30 -80.66
 6.58 -24.49 -80.84
 6.52 -23.71 -80.99
 6.51 -22.94 -81.08
 6.47 -22.23 -81.05
 6.45 -21.61 -80.91
 6.48 -21.06 -80.72
 6.56 -20.55 -80.55
 6.67 -20.03 -80.43
 6.75 -19.50 -80.33
 6.82 -18.98 -80.23
 6.89 -18.48 -80.07
 6.94 -18.04 -79.86
 6.99 -17.64 -79.61
 7.09 -17.24 -79.34
 7.09 -17.24 -79.34
 15.75 -2.49 -66.18
 15.83 -2.15 -65.61
 15.97 -1.78 -65.07
 16.13 -1.40 -64.57
 16.29 -1.00 -64.13
 16.41 -0.58 -63.74
 16.41 -0.14 -63.35
 16.32 0.30 -62.93
 16.16 0.74 -62.45
 15.96 1.16 -61.91
 15.76 1.57 -61.33
 15.61 1.97 -60.72
 15.49 2.38 -60.11
 15.39 2.81 -59.53
 15.31 3.28 -58.97
 15.22 3.76 -58.46
 15.22 3.76 -58.46
 13.77 10.96 -44.08
 13.59 11.09 -43.70
 13.36 11.23 -43.32
 13.07 11.37 -42.94
 12.75 11.53 -42.57
 12.49 11.69 -42.21
 12.31 11.82 -41.85
 12.17 11.92 -41.51
 12.17 11.92 -41.51
 9.86 12.90 -34.03
 9.71 12.90 -33.58
 9.58 12.90 -33.13
 9.45 12.91 -32.69
 9.34 12.93 -32.27
 9.26 12.93 -31.87
 9.20 12.93 -31.50
 9.17 12.90 -31.15
 9.16 12.83 -30.81
 9.11 12.73 -30.46
 9.05 12.60 -30.10
 9.02 12.47 -29.72
 9.02 12.36 -29.34
 9.03 12.26 -28.97
 9.04 12.16 -28.61
 9.03 12.05 -28.25
 9.03 12.05 -28.25
 7.24 8.25 -16.01
 7.48 8.02 -15.79
 7.65 7.83 -15.54
 7.74 7.66 -15.27
 7.74 7.47 -14.96
 7.69 7.27 -14.60
 7.63 7.05 -14.19
 7.56 6.77 -13.73
 7.49 6.45 -13.23
 7.43 6.07 -12.72
 7.42 5.64 -12.19
 7.51 5.19 -11.67
 7.69 4.73 -11.15
 7.99 4.26 -10.62
 8.37 3.83 -10.11
 8.73 3.43 -9.63
 9.03 3.05 -9.20
 9.03 3.05 -9.20
 17.26 -11.27 -6.95
 17.60 -11.69 -7.24
 17.97 -12.12 -7.52
 18.32 -12.56 -7.79
 18.62 -12.99 -8.01
 18.92 -13.45 -8.23
 19.16 -13.91 -8.44
 19.35 -14.38 -8.68
 19.52 -14.90 -8.96
 19.70 -15.43 -9.31
 19.91 -15.98 -9.70
 20.15 -16.51 -10.13
 20.38 -17.00 -10.55
 20.56 -17.44 -10.95
 20.70 -17.82 -11.31
 20.76 -18.17 -11.64
 20.76 -18.17 -11.64
 15.45 -32.30 -30.06
 15.28 -32.46 -30.50
 15.07 -32.61 -30.91
 14.81 -32.76 -31.32
