 5.21 4.73 -17.82
 5.00 4.28 -17.81
 4.89 3.73 -17.85
 4.81 3.11 -17.94
 4.81 3.11 -17.94
 7.34 11.71 -14.18
 7.40 11.58 -14.25
 7.38 11.42 -14.29
 7.24 11.24 -14.28
 7.00 11.04 -14.19
 6.73 10.79 -14.03
 6.53 10.51 -13.85
 6.43 10.19 -13.67
 6.44 9.86 -13.52
 6.56 9.53 -13.40
 6.72 9.23 -13.29
 6.89 8.97 -13.18
 7.02 8.71 -13.06
 7.04 8.47 -12.89
 6.99 8.21 -12.63
 6.82 7.90 -12.29
 6.61 7.54 -11.89
 6.61 7.54 -11.89
 16.65 -8.85 -17.78
 16.78 -9.38 -18.43
 16.88 -9.90 -19.11
 16.95 -10.42 -19.80
 17.01 -10.95 -20.52
 17.05 -11.49 -21.25
 17.08 -12.03 -21.99
 17.14 -12.57 -22.74
 17.14 -12.57 -22.74
 16.32 -18.60 -35.70
 16.47 -18.68 -36.51
 16.60 -18.71 -37.34
 16.71 -18.74 -38.15
 16.76 -18.77 -38.93
 16.74 -18.83 -39.65
 16.65 -18.91 -40.31
 16.51 -18.99 -40.90
 16.37 -19.06 -41.45
 16.27 -19.07 -41.97
 16.26 -19.01 -42.52
 16.33 -18.87 -43.12
 16.43 -18.68 -43.76
 16.54 -18.46 -44.42
 16.59 -18.24 -45.06
 16.59 -18.24 -45.06
 17.23 -3.39 -55.88
 17.39 -2.78 -55.88
 17.56 -2.18 -55.87
 17.72 -1.60 -55.83
 17.85 -1.06 -55.77
 17.93 -0.52 -55.68
 17.98 -0.00 -55.59
 18.00 0.49 -55.49
 18.03 0.97 -55.41
 18.08 1.44 -55.32
 18.16 1.94 -55.20
 18.24 2.48 -55.04
 18.31 3.07 -54.82
 18.36 3.68 -54.54
 18.42 4.29 -54.25
 18.50 4.87 -53.98
 18.50 4.87 -53.98
 14.00 18.67 -44.36
 13.62 18.95 -43.88
 13.27 19.24 -43.36
 12.97 19.56 -42.80
 12.73 19.89 -42.23
 12.56 20.24 -41.67
 12.43 20.58 -41.13
 12.33 20.89 -40.63
 12.21 21.20 -40.18
 12.03 21.50 -39.75
 11.78 21.82 -39.30
 11.50 22.14 -38.83
 11.22 22.46 -38.33
 10.92 22.79 -37.79
 10.58 23.09 -37.25
 10.22 23.36 -36.72
 10.22 23.36 -36.72
 5.38 25.65 -26.14
 5.27 25.56 -25.97
 5.09 25.48 -25.77
 4.87 25.43 -25.55
 4.64 25.36 -25.31
 4.44 25.26 -25.08
 4.28 25.12 -24.86
 4.16 24.97 -24.67
 4.07 24.81 -24.49
 3.98 24.67 -24.32
 3.88 24.57 -24.16
 3.74 24.51 -23.98
 3.56 24.48 -23.78
 3.38 24.45 -23.55
 3.20 24.39 -23.31
 3.02 24.30 -23.06
 3.02 24.30 -23.06
 1.01 20.39 -15.66
 0.94 20.24 -15.44
 0.87 20.06 -15.23
 0.79 19.88 -15.03
 0.71 19.68 -14.82
 0.64 19.46 -14.59
 0.57 19.21 -14.36
 0.54 18.96 -14.13
 0.58 18.69 -13.91
 0.67 18.42 -13.72
 0.80 18.17 -13.54
 0.96 17.91 -13.37
 1.11 17.66 -13.20
 1.25 17.41 -13.03
 1.37 17.15 -12.86
 1.48 16.88 -12.70
 1.48 16.88 -12.70
 6.20 7.18 -11.13
 6.37 6.86 -11.21
 6.51 6.53 -11.31
 6.63 6.19 -11.41
 6.72 5.82 -11.52
 6.79 5.43 -11.62
 6.86 5.05 -11.71
 6.94 4.68 -11.79
 7.06 4.31 -11.89
 7.22 3.94 -11.99
 7.40 3.57 -12.10
 7.58 3.19 -12.21
 7.74 2.81 -12.31
 7.87 2.43 -12.39
 7.96 2.05 -12.47
 8.03 1.67 -12.54
 8.08 1.30 -12.62
 8.08 1.30 -12.62
 6.68 -10.31 -17.01
 6.65 -10.40 -17.09
 6.65 -10.46 -17.16
 6.66 -10.48 -17.22
 6.67 -10.48 -17.27
 6.69 -10.44 -17.31
 6.68 -10.37 -17.33
 6.67 -10.27 -17.32
 6.65 -10.12 -17.29
 6.60 -9.96 -17.25
 6.55 -9.81 -17.19
 6.49 -9.67 -17.15
 6.43 -9.56 -17.12
 6.35 -9.47 -17.10
 6.27 -9.38 -17.10
 6.20 -9.28 -17.09
