 2.68 -4.76 5.15
 2.64 -4.87 5.20
 2.74 -4.99 5.24
 2.74 -4.99 5.24
 -0.39 0.90 6.51
 -0.36 1.11 6.50
 -0.30 1.27 6.38
 -0.21 1.34 6.22
 -0.11 1.30 6.09
 -0.03 1.15 6.01
 -0.01 0.92 6.04
 0.09 0.66 6.14
 0.24 0.40 6.28
 0.42 0.20 6.45
 0.67 0.06 6.63
 1.01 -0.05 6.78
 1.40 -0.18 6.88
 1.78 -0.33 6.95
 2.11 -0.52 7.00
 2.42 -0.74 7.03
 2.76 -0.99 7.03
 3.17 -1.26 7.01
 3.17 -1.26 7.01
 9.69 -18.95 0.58
 9.62 -19.24 0.23
 9.58 -19.58 -0.14
 9.53 -19.94 -0.53
 9.46 -20.29 -0.92
 9.37 -20.60 -1.33
 9.28 -20.83 -1.75
 9.21 -21.00 -2.17
 9.14 -21.14 -2.62
 9.09 -21.28 -3.07
 9.05 -21.46 -3.55
 9.01 -21.67 -4.04
 8.97 -21.92 -4.54
 8.89 -22.19 -5.05
 8.75 -22.45 -5.57
 8.60 -22.68 -6.11
 8.60 -22.68 -6.11
 3.63 -24.36 -26.46
 3.52 -24.12 -27.00
 3.44 -23.92 -27.58
 3.35 -23.74 -28.15
 3.27 -23.56 -28.71
 3.16 -23.37 -29.23
 3.05 -23.13 -29.70
 2.92 -22.86 -30.14
 2.92 -22.86 -30.14
 2.89 -17.52 -35.22
 2.96 -17.15 -35.31
 3.05 -16.79 -35.38
 3.14 -16.40 -35.43
 3.20 -15.99 -35.47
 3.21 -15.55 -35.49
 3.22 -15.06 -35.50
 3.25 -14.54 -35.50
 3.32 -14.01 -35.48
 3.41 -13.50 -35.46
 3.52 -13.01 -35.46
 3.62 -12.58 -35.48
 3.72 -12.18 -35.52
 3.80 -11.82 -35.58
 3.87 -11.48 -35.66
 3.93 -11.15 -35.74
 3.93 -11.15 -35.74
 7.71 -1.36 -34.24
 7.88 -1.26 -34.03
 8.01 -1.14 -33.80
 8.10 -1.01 -33.55
 8.16 -0.86 -33.30
 8.22 -0.69 -33.06
 8.31 -0.49 -32.83
 8.46 -0.28 -32.59
 8.64 -0.06 -32.35
 8.82 0.13 -32.10
 8.97 0.31 -31.85
 9.06 0.47 -31.58
 9.12 0.62 -31.32
 9.12 0.78 -31.06
 9.10 0.94 -30.78
 9.10 1.11 -30.50
 9.15 1.26 -30.22
 9.15 1.26 -30.22
 9.39 3.98 -20.38
 9.38 4.04 -20.09
 9.37 4.13 -19.79
 9.38 4.21 -19.50
 9.41 4.27 -19.22
 9.42 4.29 -18.95
 9.44 4.29 -18.69
 9.41 4.28 -18.44
 9.30 4.27 -18.20
 9.16 4.30 -17.95
 9.03 4.35 -17.68
 8.98 4.42 -17.38
 8.99 4.48 -17.08
 9.03 4.52 -16.77
 9.05 4.55 -16.48
 9.04 4.57 -16.19
 9.02 4.60 -15.91
 9.02 4.60 -15.91
 8.13 5.48 -5.59
 7.99 5.51 -5.23
 7.83 5.54 -4.89
 7.71 5.56 -4.56
 7.63 5.56 -4.23
 7.60 5.53 -3.91
 7.59 5.48 -3.59
 7.58 5.43 -3.30
 7.54 5.37 -3.01
 7.46 5.33 -2.72
 7.33 5.31 -2.43
 7.17 5.31 -2.16
 7.02 5.34 -1.89
 6.93 5.35 -1.63
 6.91 5.32 -1.38
 6.95 5.24 -1.12
 7.00 5.11 -0.88
 7.00 4.95 -0.62
 7.00 4.95 -0.62
 5.13 0.27 4.65
 5.11 0.04 4.64
 5.08 -0.19 4.63
 5.07 -0.43 4.62
 5.07 -0.69 4.60
 5.07 -0.93 4.59
 5.06 -1.18 4.60
 5.03 -1.42 4.62
 4.98 -1.66 4.66
 4.91 -1.89 4.70
 4.84 -2.14 4.72
 4.81 -2.40 4.74
 4.79 -2.68 4.75
 4.76 -2.99 4.75
 4.71 -3.30 4.76
 4.63 -3.59 4.78
 4.51 -3.86 4.81
 4.37 -4.10 4.84
 4.37 -4.10 4.84
 -0.79 -8.78 2.68
 -0.89 -8.78 2.54
 -0.97 -8.81 2.40
 -1.06 -8.88 2.28
 -1.15 -8.97 2.17
 -1.28 -9.06 2.10
 -1.48 -9.12 2.05
 -1.72 -9.14 2.02
 -1.97 -9.14 1.99
 -2.19 -9.13 1.98
