 -4.07 -28.57 22.19
 -4.20 -28.48 22.20
 -4.25 -28.38 22.20
 -4.26 -28.29 22.21
 -4.25 -28.24 22.21
 -4.22 -28.25 22.22
 -4.19 -28.31 22.22
 -4.15 -28.40 22.21
 -4.11 -28.51 22.18
 -4.08 -28.62 22.15
 -4.05 -28.70 22.12
 -4.04 -28.76 22.11
 -4.02 -28.78 22.10
 -4.00 -28.77 22.09
 -3.98 -28.74 22.09
 -3.98 -28.74 22.09
 -3.21 -27.99 21.68
 -3.36 -27.97 21.75
 -3.54 -27.95 21.82
 -3.71 -27.94 21.89
 -3.87 -27.95 21.96
 -4.02 -27.99 22.04
 -4.15 -28.06 22.12
 -4.27 -28.14 22.21
 -4.39 -28.24 22.31
 -4.50 -28.35 22.44
 -4.60 -28.50 22.59
 -4.69 -28.69 22.76
 -4.76 -28.91 22.93
 -4.80 -29.15 23.11
 -4.84 -29.42 23.31
 -4.84 -29.42 23.31
 -2.30 -25.81 45.07
 -1.90 -24.66 45.35
 -1.58 -23.67 45.46
 -1.37 -22.75 45.38
 -1.29 -21.88 45.14
 -1.43 -20.99 44.87
 -1.59 -20.05 44.71
 -1.48 -19.01 44.66
 -1.48 -19.01 44.66
 -4.02 -1.90 46.19
 -4.12 -1.15 45.88
 -4.36 -0.42 45.62
 -4.66 0.24 45.43
 -5.05 0.81 45.30
 -5.58 1.31 45.23
 -6.19 1.79 45.21
 -6.88 2.36 45.21
 -7.54 2.97 45.21
 -8.01 3.59 45.17
 -8.31 4.18 45.03
 -8.53 4.72 44.78
 -8.65 5.20 44.45
 -8.76 5.68 44.07
 -8.97 6.18 43.66
 -9.22 6.70 43.24
 -9.50 7.25 42.83
 -9.50 7.25 42.83
 -12.02 14.48 25.05
 -11.89 14.35 24.56
 -11.72 14.26 24.04
 -11.53 14.21 23.46
 -11.30 14.11 22.85
 -10.98 13.91 22.18
 -10.63 13.62 21.46
 -10.25 13.28 20.73
 -9.88 12.93 20.02
 -9.56 12.64 19.30
 -9.29 12.42 18.57
 -9.02 12.22 17.85
 -8.73 12.04 17.12
 -8.43 11.85 16.38
 -8.13 11.65 15.62
 -7.83 11.45 14.84
 -7.83 11.45 14.84
 -1.66 -8.08 3.09
 -1.30 -8.94 3.22
 -0.99 -9.81 3.35
 -0.79 -10.70 3.48
 -0.65 -11.65 3.63
 -0.45 -12.65 3.77
 -0.10 -13.68 3.86
 0.32 -14.66 3.93
 0.74 -15.60 3.99
 1.04 -16.46 4.09
 1.18 -17.23 4.23
 1.29 -18.00 4.39
 1.42 -18.80 4.57
 1.61 -19.60 4.77
 1.81 -20.40 4.98
 2.06 -21.20 5.17
 2.38 -21.98 5.34
 2.38 -21.98 5.34
 8.32 -37.32 16.48
 8.58 -37.47 16.78
 8.77 -37.64 17.03
 8.87 -37.79 17.25
 8.92 -37.94 17.42
 8.94 -38.03 17.58
 8.92 -38.04 17.75
 8.88 -38.01 17.94
 8.84 -37.96 18.13
 8.82 -37.92 18.30
 8.85 -37.89 18.44
 8.91 -37.88 18.55
 8.97 -37.88 18.63
 9.03 -37.90 18.69
 9.05 -37.93 18.71
 9.04 -37.96 18.71
 9.04 -37.96 18.71
 7.39 -37.64 18.25
 7.39 -37.64 18.25
 7.37 -37.66 18.23
 7.35 -37.69 18.18
 7.31 -37.71 18.11
 7.28 -37.72 18.04
 7.27 -37.71 17.99
 7.30 -37.68 17.96
 7.33 -37.66 17.95
 7.33 -37.67 17.97
 7.33 -37.71 17.99
 7.33 -37.77 17.98
 7.33 -37.83 17.94
 7.32 -37.88 17.89
 7.32 -37.89 17.85
 7.31 -37.88 17.82
 7.31 -37.88 17.82
 7.42 -37.94 17.70
 7.41 -37.92 17.73
 7.42 -37.90 17.76
 7.45 -37.90 17.77
 7.49 -37.92 17.79
 7.53 -37.95 17.80
 7.57 -37.99 17.80
 7.60 -38.03 17.79
 7.62 -38.06 17.77
 7.63 -38.06 17.76
 7.63 -38.06 17.77
 7.63 -38.06 17.76
 7.65 -38.07 17.74
 7.68 -38.09 17.70
 7.69 -38.11 17.67
 7.71 -38.11 17.64
 7.72 -38.11 17.63
 7.72 -38.11 17.63
 7.86 -38.64 16.95
 7.85 -38.66 16.96
 7.86 -38.66 16.96
 7.89 -38.67 16.96
