 6.98 0.75 2.77
 9.19 -13.29 -2.79
 9.15 -13.59 -3.02
 9.13 -13.87 -3.24
 9.13 -14.14 -3.47
 9.11 -14.41 -3.70
 9.09 -14.67 -3.94
 9.08 -14.95 -4.20
 9.07 -15.22 -4.49
 9.07 -15.49 -4.79
 9.08 -15.77 -5.10
 9.09 -16.04 -5.42
 9.09 -16.31 -5.72
 9.05 -16.58 -6.00
 8.98 -16.85 -6.27
 8.87 -17.13 -6.52
 8.73 -17.39 -6.76
 8.59 -17.65 -7.01
 8.59 -17.65 -7.01
 5.74 -22.74 -18.82
 5.66 -22.76 -19.26
 5.58 -22.80 -19.71
 5.51 -22.83 -20.18
 5.44 -22.88 -20.65
 5.36 -22.93 -21.14
 5.26 -22.99 -21.63
 5.13 -23.04 -22.10
 4.99 -23.09 -22.56
 4.84 -23.14 -23.00
 4.69 -23.19 -23.44
 4.55 -23.24 -23.87
 4.44 -23.27 -24.29
 4.36 -23.28 -24.74
 4.30 -23.27 -25.20
 4.14 -23.28 -26.20
 4.14 -23.28 -26.20
 4.50 -19.97 -40.77
 4.69 -19.81 -41.09
 4.84 -19.66 -41.41
 4.93 -19.54 -41.73
 5.01 -19.45 -42.03
 5.09 -19.37 -42.32
 5.19 -19.28 -42.61
 5.30 -19.16 -42.90
 5.42 -19.03 -43.16
 5.52 -18.87 -43.41
 5.60 -18.70 -43.64
 5.67 -18.53 -43.84
 5.75 -18.37 -44.03
 5.83 -18.20 -44.20
 5.90 -18.01 -44.36
 5.97 -17.81 -44.51
 5.97 -17.81 -44.51
 6.87 -10.83 -47.19
 6.92 -10.64 -47.18
 6.98 -10.44 -47.18
 7.07 -10.24 -47.17
 7.17 -10.06 -47.15
 7.26 -9.89 -47.11
 7.33 -9.71 -47.04
 7.38 -9.52 -46.93
 7.41 -9.30 -46.82
 7.43 -9.06 -46.70
 7.48 -8.82 -46.60
 7.58 -8.57 -46.54
 7.70 -8.33 -46.52
 7.83 -8.11 -46.51
 7.94 -7.89 -46.51
 8.02 -7.67 -46.51
 8.02 -7.67 -46.51
 7.88 -1.49 -45.37
 7.91 -1.35 -45.28
 7.94 -1.23 -45.17
 7.95 -1.12 -45.06
 7.97 -0.99 -44.95
 8.00 -0.86 -44.87
 8.05 -0.73 -44.81
 8.12 -0.59 -44.77
 8.18 -0.46 -44.74
 8.25 -0.33 -44.72
 8.32 -0.19 -44.68
 8.36 -0.05 -44.63
 8.39 0.11 -44.57
 8.40 0.26 -44.51
 8.41 0.42 -44.45
 8.43 0.57 -44.39
 8.43 0.57 -44.39
 9.79 2.82 -39.57
 9.82 2.85 -39.35
 9.83 2.89 -39.13
 9.81 2.93 -38.93
 9.79 2.94 -38.72
 9.76 2.91 -38.50
 9.75 2.86 -38.26
 9.75 2.81 -38.00
 9.77 2.78 -37.74
 9.79 2.75 -37.49
 9.81 2.74 -37.25
 9.83 2.72 -37.05
 9.85 2.70 -36.85
 9.89 2.66 -36.65
 9.97 2.62 -36.43
 10.07 2.58 -36.17
 10.21 2.56 -35.89
 10.21 2.56 -35.89
 11.69 2.62 -26.88
 11.68 2.66 -26.61
 11.72 2.68 -26.33
 11.78 2.69 -26.04
 11.84 2.69 -25.77
 11.91 2.70 -25.52
 11.97 2.72 -25.29
 12.03 2.76 -25.07
 12.06 2.82 -24.86
 12.04 2.88 -24.63
 11.97 2.92 -24.40
 11.89 2.94 -24.16
 11.83 2.95 -23.94
 11.80 2.96 -23.74
 11.78 2.98 -23.53
 11.79 2.99 -23.33
 11.79 2.99 -23.33
 10.22 4.01 -13.97
 10.08 4.06 -13.67
 9.94 4.10 -13.38
 9.81 4.15 -13.10
 9.68 4.19 -12.84
 9.55 4.22 -12.58
 9.40 4.24 -12.31
 9.26 4.25 -12.03
 9.13 4.27 -11.74
 9.01 4.28 -11.46
 8.91 4.29 -11.20
 8.82 4.29 -10.95
 8.73 4.28 -10.71
 8.62 4.27 -10.47
 8.49 4.25 -10.23
 8.34 4.22 -9.98
 8.22 4.19 -9.74
 8.22 4.19 -9.74
 6.16 -0.83 -5.86
 6.11 -1.14 -5.86
 6.06 -1.45 -5.86
 6.01 -1.79 -5.85
 5.97 -2.13 -5.84
 5.93 -2.48 -5.84
 5.89 -2.82 -5.85
 5.86 -3.16 -5.86
 5.86 -3.50 -5.89
 5.89 -3.84 -5.92