 -4.65 20.65 -11.00
 -4.68 20.72 -11.21
 -4.72 20.78 -11.43
 -4.76 20.83 -11.65
 -4.80 20.85 -11.87
 -4.83 20.85 -12.10
 -4.86 20.84 -12.33
 -4.88 20.83 -12.56
 -4.90 20.83 -12.78
 -4.90 20.83 -12.78
 -2.62 20.66 -20.95
 -2.64 20.65 -21.14
 -2.64 20.65 -21.33
 -2.64 20.64 -21.53
 -2.66 20.63 -21.72
 -2.70 20.62 -21.91
 -2.77 20.61 -22.09
 -2.86 20.61 -22.26
 -2.95 20.60 -22.42
 -3.02 20.57 -22.58
 -3.07 20.54 -22.75
 -3.08 20.51 -22.92
 -3.06 20.50 -23.10
 -3.03 20.51 -23.29
 -3.00 20.52 -23.47
 -3.00 20.52 -23.47
 -1.43 20.35 -28.80
 -1.44 20.33 -28.92
 -1.46 20.31 -29.03
 -1.46 20.30 -29.14
 -1.47 20.28 -29.25
 -1.47 20.26 -29.34
 -1.48 20.24 -29.42
 -1.47 20.24 -29.49
 -1.47 20.24 -29.56
 -1.47 20.23 -29.64
 -1.48 20.23 -29.73
 -1.49 20.22 -29.82
 -1.50 20.21 -29.90
 -1.51 20.20 -29.96
 -1.52 20.19 -30.01
 -1.53 20.15 -30.06
 -1.53 20.15 -30.06
 0.63 19.98 -32.35
 0.72 20.01 -32.50
 0.82 20.04 -32.63
 0.90 20.08 -32.76
 0.96 20.11 -32.89
 0.99 20.14 -33.01
 1.00 20.15 -33.14
 0.99 20.15 -33.25
 0.97 20.15 -33.37
 0.93 20.15 -33.47
 0.87 20.17 -33.55
 0.82 20.21 -33.60
 0.82 20.25 -33.65
 0.85 20.28 -33.69
 0.88 20.29 -33.73
 0.92 20.27 -33.78
 0.92 20.27 -33.78
 1.94 15.48 -31.62
 2.01 15.15 -31.59
 2.03 14.82 -31.58
 2.01 14.49 -31.55
 1.98 14.16 -31.52
 1.93 13.84 -31.46
 1.90 13.53 -31.38
 1.87 13.23 -31.28
 1.85 12.94 -31.17
 1.84 12.66 -31.07
 1.80 12.38 -30.98
 1.75 12.09 -30.90
 1.66 11.78 -30.83
 1.56 11.46 -30.76
 1.48 11.13 -30.69
 1.41 10.79 -30.62
 1.41 10.79 -30.62
 1.60 1.77 -27.65
 1.68 1.56 -27.65
 1.76 1.37 -27.65
 1.84 1.19 -27.62
 1.92 1.03 -27.59
 2.01 0.88 -27.53
 2.08 0.73 -27.47
 2.14 0.57 -27.40
 2.19 0.39 -27.33
 2.24 0.21 -27.27
 2.28 0.03 -27.22
 2.32 -0.14 -27.19
 2.38 -0.29 -27.15
 2.45 -0.43 -27.12
 2.50 -0.54 -27.11
 2.55 -0.61 -27.10
 2.60 -0.62 -27.10
 2.60 -0.62 -27.10
 2.90 -2.54 -26.85
 2.92 -2.58 -26.93
 2.92 -2.61 -26.98
 2.91 -2.63 -27.00
 2.90 -2.65 -26.99
 2.87 -2.67 -26.97
 2.81 -2.69 -26.95
 2.76 -2.71 -26.94
 2.73 -2.73 -26.93
 2.72 -2.72 -26.93
 2.72 -2.71 -26.92
 2.72 -2.69 -26.90
 2.72 -2.66 -26.88
 2.69 -2.62 -26.85
 2.65 -2.58 -26.82
 2.60 -2.53 -26.77
 2.60 -2.53 -26.77
 0.35 1.31 -22.26
 0.27 1.51 -21.95
 0.15 1.72 -21.65
 0.06 1.93 -21.37
 0.04 2.10 -21.10
 0.10 2.25 -20.86
 0.22 2.40 -20.62
 0.35 2.56 -20.39
 0.43 2.74 -20.16
 0.44 2.92 -19.92
 0.41 3.09 -19.66
 0.33 3.26 -19.40
 0.23 3.41 -19.13
 0.15 3.56 -18.86
 0.14 3.70 -18.61
 0.18 3.85 -18.36
 0.23 4.01 -18.13
 0.23 4.01 -18.13
 -0.56 10.72 -10.97
 -0.64 10.85 -10.73
 -0.71 11.04 -10.47
 -0.78 11.27 -10.21
 -0.85 11.54 -9.95
 -0.91 11.82 -9.66
 -0.96 12.10 -9.36
 -0.99 12.40 -9.06
 -1.01 12.71 -8.78
 -1.02 13.04 -8.52
 -1.04 13.37 -8.30
 -1.09 13.67 -8.10
 -1.15 13.93 -7.91
 -1.23 14.16 -7.72
 -1.33 14.37 -7.53
 -1.44 14.58 -7.32
 -1.44 14.58 -7.32
 -4.86 19.57 -2.59
 -4.90 19.67 -2.49
 -4.93 19.78 -2.38
