 -2.93 3.00 -18.70
 -3.00 3.06 -18.64
 -3.08 3.14 -18.59
 -3.19 3.20 -18.53
 -3.22 3.27 -18.44
 -3.17 3.47 -18.28
 -3.23 3.83 -18.06
 -3.43 4.27 -17.80
 -3.15 4.90 -17.51
 -3.15 4.90 -17.51
 -10.63 5.85 -10.81
 -10.89 5.97 -10.75
 -11.09 6.07 -10.71
 -11.23 6.17 -10.67
 -11.32 6.28 -10.61
 -11.42 6.44 -10.54
 -11.59 6.63 -10.43
 -11.85 6.86 -10.31
 -12.17 7.10 -10.19
 -12.48 7.35 -10.07
 -12.71 7.59 -9.95
 -12.86 7.80 -9.84
 -12.92 7.99 -9.72
 -12.93 8.18 -9.59
 -12.94 8.40 -9.42
 -13.03 8.67 -9.21
 -13.03 8.67 -9.21
 -17.12 17.69 -2.45
 -17.10 17.86 -2.26
 -17.07 17.97 -2.07
 -17.03 18.05 -1.87
 -16.98 18.11 -1.66
 -16.92 18.19 -1.43
 -16.88 18.32 -1.19
 -16.88 18.52 -0.95
 -16.89 18.76 -0.70
 -16.92 19.02 -0.47
 -16.95 19.27 -0.27
 -16.93 19.50 -0.08
 -16.89 19.69 0.11
 -16.84 19.86 0.31
 -16.79 20.00 0.54
 -16.75 20.12 0.79
 -16.75 20.12 0.79
 -15.27 22.63 5.24
 -15.15 22.55 5.04
 -15.03 22.47 4.83
 -14.92 22.40 4.62
 -14.81 22.36 4.40
 -14.67 22.38 4.18
 -14.53 22.45 3.95
 -14.41 22.58 3.70
 -14.34 22.75 3.42
 -14.29 22.91 3.12
 -14.22 23.05 2.81
 -14.09 23.13 2.51
 -13.91 23.18 2.22
 -13.73 23.22 1.93
 -13.56 23.26 1.65
 -13.44 23.33 1.37
 -13.33 23.42 1.09
 -13.33 23.42 1.09
 -8.38 26.58 -11.73
 -8.26 26.61 -12.10
 -8.11 26.60 -12.45
 -7.95 26.58 -12.78
 -7.77 26.56 -13.08
 -7.60 26.55 -13.38
 -7.46 26.56 -13.67
 -7.39 26.58 -13.98
 -7.37 26.61 -14.30
 -7.38 26.63 -14.64
 -7.39 26.66 -14.99
 -7.39 26.69 -15.32
 -7.36 26.73 -15.64
 -7.34 26.80 -15.94
 -7.32 26.88 -16.22
 -7.32 26.97 -16.47
 -7.32 26.97 -16.47
 -2.29 27.56 -25.72
 -2.12 27.57 -25.97
 -1.96 27.61 -26.21
 -1.82 27.67 -26.44
 -1.68 27.73 -26.65
 -1.54 27.77 -26.87
 -1.40 27.80 -27.08
 -1.27 27.82 -27.29
 -1.15 27.85 -27.50
 -1.05 27.87 -27.72
 -0.95 27.89 -27.92
 -0.86 27.89 -28.13
 -0.76 27.87 -28.34
 -0.67 27.85 -28.55
 -0.57 27.82 -28.76
 -0.57 27.82 -28.76
 0.21 27.70 -33.11
 0.13 27.58 -33.05
 0.05 27.44 -32.98
 -0.03 27.29 -32.90
 -0.11 27.14 -32.80
 -0.20 26.99 -32.69
 -0.29 26.84 -32.56
 -0.40 26.70 -32.43
 -0.40 26.70 -32.43
 -3.54 23.76 -29.24
 -3.63 23.45 -28.98
 -3.71 23.13 -28.72
 -3.79 22.83 -28.46
 -3.87 22.54 -28.19
 -3.92 22.24 -27.92
 -3.95 21.92 -27.64
 -3.91 21.56 -27.36
 -3.84 21.16 -27.09
 -3.75 20.75 -26.82
 -3.65 20.33 -26.54
 -3.56 19.92 -26.27
 -3.51 19.52 -26.00
 -3.49 19.14 -25.71
 -3.48 18.77 -25.43
 -3.48 18.39 -25.15
 -3.48 18.39 -25.15
 -1.31 11.17 -16.88
 -1.26 11.00 -16.70
 -1.16 10.81 -16.53
 -1.03 10.63 -16.37
 -0.89 10.44 -16.23
 -0.75 10.26 -16.08
 -0.66 10.07 -15.94
 -0.57 9.89 -15.80
 -0.50 9.71 -15.67
 -0.43 9.54 -15.54
 -0.34 9.38 -15.42
 -0.22 9.21 -15.29
 -0.09 9.03 -15.17
 0.04 8.84 -15.05
 0.15 8.65 -14.93
 0.24 8.48 -14.82
 0.24 8.48 -14.82
 -1.09 9.43 -12.20
 -1.11 9.47 -12.20
 -1.14 9.51 -12.21
 -1.17 9.53 -12.23
 -1.20 9.55 -12.26
 -1.20 9.56 -12.31
 -1.18 9.58 -12.35
 -1.13 9.61 -12.40
 -1.10 9.64 -12.44
 -1.08 9.66 -12.47
 -1.10 9.66 -12.48
 -1.14 9.66 -12.47
