 8.43 2.78 -15.13
 8.39 2.82 -15.12
 8.31 2.82 -15.10
 8.31 2.82 -15.10
 6.05 4.44 -13.33
 5.83 4.53 -13.10
 5.66 4.61 -12.92
 5.52 4.69 -12.79
 5.40 4.78 -12.72
 5.29 4.88 -12.66
 5.16 4.98 -12.61
 5.00 5.08 -12.53
 5.00 5.08 -12.53
 1.40 7.85 -8.95
 1.28 8.02 -8.70
 1.12 8.18 -8.45
 0.94 8.33 -8.20
 0.79 8.49 -7.94
 0.71 8.67 -7.67
 0.69 8.90 -7.39
 0.68 9.15 -7.12
 0.63 9.36 -6.86
 0.51 9.49 -6.61
 0.33 9.55 -6.37
 0.11 9.61 -6.13
 -0.10 9.72 -5.86
 -0.24 9.89 -5.56
 -0.34 10.09 -5.25
 -0.40 10.31 -4.93
 -0.44 10.52 -4.63
 -0.46 10.72 -4.34
 -0.46 10.72 -4.34
 -3.55 15.34 5.71
 -3.43 15.38 5.92
 -3.34 15.39 6.09
 -3.29 15.37 6.22
 -3.25 15.35 6.33
 -3.20 15.34 6.44
 -3.13 15.37 6.56
 -3.04 15.44 6.72
 -2.94 15.52 6.90
 -2.86 15.60 7.11
 -2.84 15.68 7.33
 -2.91 15.72 7.54
 -3.08 15.71 7.74
 -3.31 15.67 7.91
 -3.50 15.67 8.08
 -3.60 15.71 8.27
 -3.55 15.81 8.47
 -3.55 15.81 8.47
 -2.64 17.10 15.05
 -2.44 16.97 14.90
 -2.25 16.85 14.73
 -2.07 16.78 14.52
 -1.88 16.75 14.30
 -1.67 16.76 14.08
 -1.44 16.80 13.87
 -1.20 16.86 13.68
 -0.96 16.91 13.50
 -0.75 16.94 13.32
 -0.57 16.96 13.16
 -0.43 16.98 12.99
 -0.33 17.00 12.82
 -0.27 17.04 12.64
 -0.25 17.09 12.42
 -0.27 17.16 12.19
 -0.27 17.16 12.19
 2.46 20.67 1.10
 2.50 20.59 0.81
 2.53 20.52 0.52
 2.56 20.47 0.22
 2.58 20.43 -0.10
 2.60 20.38 -0.42
 2.65 20.34 -0.72
 2.70 20.30 -1.02
 2.74 20.28 -1.31
 2.78 20.29 -1.62
 2.81 20.34 -1.93
 2.87 20.40 -2.24
 2.97 20.47 -2.55
 3.13 20.54 -2.85
 3.33 20.58 -3.16
 3.52 20.61 -3.50
 3.68 20.60 -3.86
 3.68 20.60 -3.86
 8.96 20.15 -13.46
 9.16 20.18 -13.74
 9.36 20.24 -13.99
 9.58 20.34 -14.20
 9.82 20.46 -14.38
 10.08 20.57 -14.52
 10.33 20.63 -14.65
 10.54 20.66 -14.78
 10.69 20.64 -14.94
 10.75 20.63 -15.15
 10.76 20.62 -15.40
 10.76 20.61 -15.66
 10.78 20.60 -15.94
 10.87 20.62 -16.19
 11.03 20.67 -16.41
 11.24 20.73 -16.58
 11.24 20.73 -16.58
 14.82 21.91 -22.66
 14.98 21.89 -22.94
 15.12 21.87 -23.22
 15.27 21.85 -23.48
 15.46 21.85 -23.72
 15.66 21.87 -23.94
 15.84 21.92 -24.15
 16.00 21.99 -24.35
 16.13 22.06 -24.53
 16.26 22.12 -24.71
 16.36 22.14 -24.87
 16.44 22.15 -25.04
 16.48 22.13 -25.21
 16.48 22.11 -25.39
 16.46 22.07 -25.57
 16.44 22.03 -25.73
 16.44 22.03 -25.73
 13.05 16.31 -23.78
 12.91 15.99 -23.55
 12.73 15.64 -23.32
 12.55 15.29 -23.10
 12.41 14.92 -22.87
 12.33 14.55 -22.64
 12.33 14.20 -22.41
 12.39 13.86 -22.18
 12.47 13.54 -21.95
 12.53 13.23 -21.72
 12.57 12.93 -21.50
 12.59 12.63 -21.27
 12.62 12.33 -21.05
 12.67 12.01 -20.82
 12.73 11.69 -20.58
 12.75 11.37 -20.35
 12.75 11.37 -20.35
 14.20 1.47 -12.90
 14.28 1.33 -12.80
 14.30 1.23 -12.68
 14.28 1.13 -12.55
 14.22 1.03 -12.42
 14.18 0.92 -12.28
 14.18 0.79 -12.15
 14.25 0.64 -12.02
 14.35 0.46 -11.90
 14.46 0.29 -11.79
 14.56 0.13 -11.69
 14.65 -0.00 -11.59
 14.74 -0.10 -11.49
 14.84 -0.18 -11.39
