 5.40 12.03 -5.05
 5.74 12.03 -4.98
 6.08 12.00 -4.91
 6.39 11.94 -4.85
 6.65 11.86 -4.79
 6.85 11.75 -4.76
 6.98 11.62 -4.75
 7.07 11.48 -4.77
 7.12 11.35 -4.82
 7.12 11.23 -4.89
 7.10 11.10 -4.99
 7.08 10.95 -5.10
 7.04 10.80 -5.24
 6.99 10.66 -5.41
 6.90 10.56 -5.60
 6.82 10.50 -5.80
 6.82 10.50 -5.80
 6.78 8.28 -7.27
 7.19 9.32 -6.01
 7.68 10.34 -4.61
 8.04 11.30 -3.14
 8.13 12.18 -1.60
 7.98 13.01 -0.01
 7.60 13.89 1.64
 7.03 14.83 3.33
 6.32 15.83 5.06
 5.60 16.93 6.82
 5.07 17.93 8.62
 4.97 18.84 10.48
 4.94 19.70 12.29
 4.67 20.49 13.91
 4.18 21.21 15.33
 3.63 21.88 16.63
 3.05 22.54 17.81
 2.34 23.24 18.86
 2.34 23.24 18.86
 -0.90 32.54 23.54
 -0.39 32.62 23.13
 0.26 32.64 22.72
 1.03 32.60 22.27
 1.79 32.52 21.70
 2.41 32.43 20.91
 2.77 32.31 19.84
 2.90 32.22 18.53
 2.92 32.15 17.03
 2.92 32.16 15.41
 3.06 32.27 13.74
 3.36 32.48 12.05
 3.78 32.75 10.39
 4.26 33.04 8.78
 4.71 33.32 7.23
 5.23 33.63 5.78
 5.74 33.97 4.38
 5.74 33.97 4.38
 10.41 40.34 -17.02
 10.30 40.25 -17.01
 10.20 40.14 -17.01
 10.13 40.02 -17.03
 10.09 39.88 -17.04
 10.07 39.75 -17.05
 10.07 39.62 -17.07
 10.05 39.48 -17.09
 10.03 39.33 -17.09
 10.01 39.17 -17.07
 10.00 39.01 -17.02
 10.00 38.85 -16.95
 9.99 38.71 -16.88
 9.95 38.60 -16.83
 9.89 38.49 -16.82
 9.83 38.38 -16.82
 9.83 38.38 -16.82
 -6.58 8.34 4.33
 -6.71 8.31 4.26
 -6.80 8.28 4.20
 -6.81 8.27 4.13
 -6.72 8.26 4.06
 -6.57 8.26 3.98
 -6.38 8.24 3.88
 -6.21 8.21 3.77
 -6.12 8.19 3.65
 -6.11 8.15 3.51
 -6.16 8.09 3.35
 -6.26 8.01 3.19
 -6.39 7.91 3.04
 -6.51 7.83 2.91
 -6.57 7.76 2.81
 -6.57 7.74 2.74
 -6.51 7.74 2.69
 -6.41 7.76 2.66
 -6.41 7.76 2.66
 -4.95 7.49 3.61
 -4.93 7.48 3.60
 -4.91 7.48 3.58
 -4.87 7.50 3.55
 -4.80 7.52 3.52
 -4.71 7.54 3.47
 -4.64 7.55 3.43
 -4.59 7.55 3.40
 -4.58 7.53 3.38
 -4.60 7.50 3.37
 -4.63 7.47 3.37
 -4.65 7.44 3.39
 -4.65 7.43 3.41
 -4.64 7.42 3.42
 -4.61 7.41 3.43
 -4.58 7.41 3.44
 -4.54 7.40 3.43
 -4.50 7.40 3.42
 -4.50 7.40 3.42
 -4.44 7.38 3.53
 -4.35 7.39 3.56
 -4.27 7.40 3.58
 -4.21 7.40 3.59
 -4.19 7.40 3.59
 -4.21 7.39 3.57
 -4.25 7.37 3.54
 -4.30 7.33 3.51
 -4.36 7.29 3.48
 -4.43 7.24 3.46
 -4.49 7.19 3.44
 -4.54 7.15 3.42
 -4.56 7.12 3.41
 -4.56 7.10 3.39
 -4.55 7.10 3.38
 -4.56 7.12 3.36
 -4.56 7.15 3.34
 -4.58 7.18 3.33
 -4.58 7.18 3.33
 -4.28 7.57 3.44
 -4.26 7.55 3.44
 -4.25 7.52 3.42
 -4.24 7.50 3.40
 -4.22 7.48 3.36
 -4.20 7.47 3.31
 -4.18 7.47 3.27
 -4.18 7.46 3.24
 -4.18 7.45 3.21
 -4.17 7.44 3.21
 -4.17 7.43 3.21
 -4.18 7.42 3.22
 -4.20 7.42 3.23
 -4.21 7.43 3.25
 -4.20 7.43 3.27
 -4.17 7.45 3.27
 -4.13 7.46 3.26
 -4.07 7.48 3.24
 -4.07 7.48 3.24
 -3.99 7.16 3.31
 -3.98 7.15 3.32
 -3.98 7.16 3.33
