 2.65 8.68 -22.15
 2.70 8.68 -22.18
 2.67 8.69 -22.19
 2.60 8.69 -22.17
 2.54 8.68 -22.16
 2.55 8.62 -22.15
 2.62 8.54 -22.16
 2.62 8.54 -22.16
 1.85 9.07 -21.80
 1.85 9.10 -21.80
 1.81 9.13 -21.79
 1.74 9.17 -21.78
 1.64 9.20 -21.74
 1.49 9.23 -21.66
 1.32 9.26 -21.56
 1.12 9.32 -21.43
 0.95 9.39 -21.30
 0.83 9.48 -21.17
 0.72 9.57 -21.06
 0.62 9.66 -20.95
 0.51 9.73 -20.84
 0.36 9.80 -20.73
 0.21 9.86 -20.59
 0.07 9.93 -20.45
 -0.04 10.00 -20.30
 -0.04 10.00 -20.30
 -3.41 13.48 -14.40
 -3.44 13.57 -14.21
 -3.50 13.69 -14.03
 -3.57 13.84 -13.85
 -3.65 14.00 -13.67
 -3.74 14.19 -13.48
 -3.83 14.39 -13.31
 -3.94 14.60 -13.13
 -4.05 14.83 -12.96
 -4.17 15.10 -12.81
 -4.27 15.37 -12.65
 -4.36 15.65 -12.48
 -4.45 15.92 -12.31
 -4.57 16.15 -12.14
 -4.68 16.34 -11.96
 -4.68 16.34 -11.96
 -4.83 21.23 -7.20
 -4.86 21.31 -7.10
 -4.87 21.42 -6.98
 -4.87 21.56 -6.87
 -4.87 21.73 -6.76
 -4.85 21.92 -6.63
 -4.83 22.11 -6.51
 -4.86 22.33 -6.38
 -4.86 22.33 -6.38
 -3.11 20.42 -5.42
 -3.21 20.39 -5.47
 -3.34 20.39 -5.52
 -3.54 20.46 -5.57
 -3.85 20.57 -5.62
 -4.21 20.70 -5.64
 -4.55 20.80 -5.66
 -4.84 20.83 -5.69
 -5.08 20.80 -5.76
 -5.28 20.69 -5.88
 -5.43 20.54 -6.03
 -5.54 20.35 -6.22
 -5.62 20.15 -6.42
 -5.68 19.94 -6.62
 -5.74 19.74 -6.82
 -5.79 19.55 -7.01
 -5.84 19.39 -7.22
 -5.84 19.39 -7.22
 -2.50 19.71 -16.27
 -2.36 19.71 -16.55
 -2.21 19.69 -16.85
 -2.04 19.66 -17.18
 -1.88 19.64 -17.52
 -1.73 19.62 -17.85
 -1.58 19.58 -18.17
 -1.46 19.53 -18.45
 -1.36 19.46 -18.69
 -1.24 19.38 -18.91
 -1.13 19.29 -19.12
 -1.01 19.19 -19.35
 -0.90 19.10 -19.59
 -0.81 19.02 -19.85
 -0.75 18.97 -20.13
 -0.70 18.95 -20.41
 -0.70 18.95 -20.41
 2.92 19.37 -28.50
 2.95 19.44 -28.72
 2.94 19.50 -28.94
 2.88 19.55 -29.17
 2.81 19.58 -29.40
 2.74 19.59 -29.60
 2.69 19.57 -29.78
 2.68 19.54 -29.94
 2.71 19.49 -30.06
 2.77 19.43 -30.18
 2.82 19.37 -30.31
 2.84 19.32 -30.43
 2.83 19.30 -30.57
 2.79 19.28 -30.72
 2.70 19.27 -30.88
 2.58 19.27 -31.06
 2.58 19.27 -31.06
 2.09 19.55 -34.91
 1.89 19.50 -34.99
 1.64 19.46 -35.06
 1.33 19.41 -35.10
 1.01 19.36 -35.11
 0.69 19.31 -35.07
 0.37 19.26 -35.01
 0.01 19.22 -34.96
 -0.40 19.18 -34.90
 -0.87 19.15 -34.83
 -1.34 19.12 -34.72
 -1.77 19.08 -34.57
 -2.15 19.04 -34.38
 -2.49 18.97 -34.15
 -2.82 18.88 -33.89
 -3.16 18.77 -33.63
 -3.16 18.77 -33.63
 -8.62 10.79 -25.24
 -8.69 10.67 -24.93
 -8.77 10.54 -24.61
 -8.77 10.40 -24.29
 -8.70 10.22 -23.97
 -8.57 10.04 -23.67
 -8.44 9.85 -23.37
 -8.30 9.68 -23.10
 -8.30 9.68 -23.10
 -6.81 7.10 -18.54
 -6.83 7.22 -18.34
 -6.79 7.35 -18.14
 -6.65 7.43 -17.92
 -6.37 7.42 -17.68
 -5.95 7.32 -17.40
 -5.51 7.17 -17.11
 -5.16 7.05 -16.84
 -4.96 6.96 -16.58
 -4.90 6.91 -16.35
 -4.94 6.88 -16.14
 -4.97 6.84 -15.95
 -4.92 6.77 -15.76
 -4.77 6.68 -15.59
 -4.51 6.57 -15.43
 -4.16 6.47 -15.28
 -4.16 6.47 -15.28
 0.64 5.63 -13.76
 0.77 5.64 -13.84
 0.91 5.65 -13.92
 1.08 5.69 -14.01
