 -8.53 -10.19 -10.14
 -8.54 -10.20 -10.14
 -8.55 -10.20 -10.14
 -8.55 -10.19 -10.14
 -8.55 -10.19 -10.15
 -8.56 -10.19 -10.15
 -8.56 -10.19 -10.15
 -8.56 -10.18 -10.15
 -8.57 -10.17 -10.15
 -8.58 -10.16 -10.15
 -8.58 -10.14 -10.16
 -8.58 -10.13 -10.17
 -8.57 -10.13 -10.18
 -8.57 -10.13 -10.18
 -8.59 -9.49 -10.19
 -8.59 -9.49 -10.19
 -8.59 -9.50 -10.19
 -8.59 -9.50 -10.18
 -8.59 -9.49 -10.18
 -8.59 -9.49 -10.17
 -8.58 -9.47 -10.16
 -8.58 -9.45 -10.15
 -8.56 -9.44 -10.15
 -8.55 -9.42 -10.15
 -8.54 -9.42 -10.16
 -8.53 -9.41 -10.17
 -8.51 -9.40 -10.17
 -8.48 -9.40 -10.18
 -8.45 -9.39 -10.19
 -8.40 -9.38 -10.22
 -8.40 -9.38 -10.22
 -13.66 -33.41 -22.60
 -13.65 -33.61 -22.70
 -13.59 -33.75 -22.79
 -13.50 -33.79 -22.86
 -13.44 -33.77 -22.84
 -13.41 -33.69 -22.77
 -13.33 -33.55 -22.70
 -13.25 -33.33 -22.62
 -13.20 -33.05 -22.49
 -13.09 -32.72 -22.28
 -12.85 -32.33 -21.98
 -12.43 -31.88 -21.57
 -11.92 -31.33 -20.89
 -11.53 -30.62 -19.67
 -11.53 -30.62 -19.67
 8.57 6.85 29.32
 8.45 6.85 29.18
 8.35 6.84 29.02
 8.28 6.81 28.82
 8.20 6.76 28.58
 8.11 6.71 28.32
 8.03 6.67 28.07
 7.97 6.63 27.84
 7.96 6.61 27.63
 7.99 6.61 27.43
 8.04 6.60 27.22
 8.08 6.59 27.00
 8.15 6.58 26.76
 8.23 6.57 26.47
 8.38 6.58 26.13
 8.63 6.61 25.73
 8.93 6.67 25.23
 9.17 6.79 24.59
 9.17 6.79 24.59
 18.67 14.18 -38.58
 18.66 14.79 -38.48
 18.56 15.28 -38.36
 18.43 15.63 -38.23
 18.28 15.84 -38.12
 18.07 15.93 -38.05
 17.82 15.91 -38.01
 17.57 15.82 -38.02
 17.36 15.68 -38.04
 17.19 15.51 -38.07
 17.06 15.33 -38.09
 16.97 15.14 -38.10
 16.92 14.96 -38.09
 16.92 14.80 -38.07
 16.94 14.68 -38.05
 16.96 14.59 -38.03
 16.96 14.59 -38.03
 -1.69 -19.44 -21.21
 -2.64 -21.34 -18.53
 -2.72 -23.14 -16.38
 -2.32 -24.88 -14.74
 -1.80 -26.54 -13.51
 -1.46 -28.06 -12.52
 -1.37 -29.38 -11.69
 -1.48 -30.46 -11.01
 -1.69 -31.29 -10.51
 -1.96 -31.84 -10.21
 -2.21 -32.08 -10.09
 -2.40 -32.04 -10.16
 -2.48 -31.78 -10.38
 -2.45 -31.39 -10.72
 -2.31 -30.95 -11.14
 -2.31 -30.95 -11.14
 -4.64 -32.18 -14.23
 -4.73 -32.26 -14.23
 -4.81 -32.34 -14.23
 -4.87 -32.41 -14.21
 -4.93 -32.49 -14.20
 -5.01 -32.58 -14.19
 -5.08 -32.69 -14.20
 -5.13 -32.80 -14.22
 -5.18 -32.91 -14.25
 -5.24 -33.02 -14.26
 -5.32 -33.13 -14.26
 -5.38 -33.22 -14.25
 -5.43 -33.31 -14.25
 -5.45 -33.39 -14.26
 -5.46 -33.46 -14.26
 -5.46 -33.46 -14.26
 -6.32 -35.26 -13.85
 -6.40 -35.35 -13.83
 -6.46 -35.44 -13.81
 -6.48 -35.54 -13.79
 -6.50 -35.62 -13.78
 -6.51 -35.70 -13.77
 -6.53 -35.76 -13.77
 -6.55 -35.82 -13.78
 -6.58 -35.87 -13.78
 -6.61 -35.91 -13.76
 -6.64 -35.97 -13.75
 -6.65 -36.03 -13.74
 -6.67 -36.09 -13.76
 -6.69 -36.15 -13.78
 -6.71 -36.20 -13.81
 -6.71 -36.20 -13.81
 -7.73 -37.81 -13.73
 -7.79 -37.87 -13.73
 -7.84 -37.92 -13.73
 -7.90 -37.98 -13.73
 -7.95 -38.03 -13.73
 -8.00 -38.09 -13.74
 -8.05 -38.14 -13.74
 -8.09 -38.19 -13.76
 -8.12 -38.24 -13.77
 -8.15 -38.29 -13.78
 -8.19 -38.33 -13.78
 -8.23 -38.36 -13.78
 -8.27 -38.39 -13.79
 -8.30 -38.42 -13.81
 -8.33 -38.46 -13.82
 -8.33 -38.46 -13.82
 -9.34 -39.26 -13.65
 -9.37 -39.28 -13.63
 -9.39 -39.32 -13.62
 -9.40 -39.36 -13.60
