 -8.70 -29.14 -14.71
 -8.75 -29.20 -14.72
 -8.76 -29.24 -14.75
 -8.71 -29.29 -14.81
 -8.64 -29.35 -14.90
 -8.57 -29.42 -14.97
 -8.52 -29.48 -15.02
 -8.47 -29.54 -15.06
 -8.44 -29.60 -15.08
 -8.44 -29.68 -15.09
 -8.48 -29.79 -15.08
 -8.57 -29.91 -15.03
 -12.13 -29.58 -27.27
 -12.13 -29.58 -27.27
 -7.93 -30.21 -15.88
 -7.86 -30.13 -16.00
 -7.84 -30.04 -16.12
 -7.86 -29.92 -16.27
 -7.82 -29.76 -16.47
 -7.71 -29.51 -16.69
 -7.59 -29.15 -16.86
 -7.53 -28.68 -16.95
 -7.55 -28.17 -16.95
 -7.65 -27.70 -16.86
 -7.91 -27.31 -16.67
 -8.26 -27.02 -16.37
 -8.66 -26.78 -15.99
 -8.99 -26.57 -15.58
 -9.15 -26.39 -15.19
 -9.15 -26.39 -15.19
 1.66 3.59 -1.34
 1.68 3.72 -1.34
 1.73 3.77 -1.35
 1.75 3.77 -1.36
 1.71 3.74 -1.38
 1.56 3.71 -1.41
 1.36 3.68 -1.46
 1.19 3.65 -1.54
 1.09 3.62 -1.62
 1.09 3.62 -1.62
 -0.49 4.34 -6.24
 -0.83 4.78 -7.12
 -1.18 5.23 -8.11
 -1.56 5.69 -9.19
 -1.99 6.20 -10.35
 -2.31 6.73 -11.56
 -2.48 7.24 -12.74
 -2.56 7.70 -13.83
 -2.67 8.10 -14.83
 -2.78 8.44 -15.72
 -2.93 8.75 -16.57
 -3.20 9.05 -17.43
 -3.55 9.34 -18.33
 -3.87 9.61 -19.22
 -4.18 9.86 -20.07
 -4.51 10.12 -20.85
 -4.78 10.38 -21.48
 -4.78 10.38 -21.48
 -4.45 8.79 -24.01
 -4.40 8.75 -24.01
 -4.37 8.71 -24.02
 -4.36 8.69 -24.06
 -4.35 8.66 -24.09
 -4.30 8.63 -24.10
 -4.17 8.56 -24.06
 -3.98 8.42 -23.96
 -3.79 8.19 -23.81
 -3.67 7.89 -23.62
 -3.55 7.54 -23.38
 -3.30 7.15 -23.07
 -2.80 6.63 -22.65
 -2.13 5.89 -22.08
 -1.44 4.95 -21.41
 -0.95 3.80 -20.67
 -0.95 3.80 -20.67
 -12.54 -35.39 1.04
 -12.58 -35.26 1.05
 -12.63 -35.12 1.05
 -12.67 -34.99 1.03
 -12.69 -34.85 0.98
 -12.67 -34.71 0.90
 -12.64 -34.57 0.80
 -12.61 -34.44 0.71
 -12.61 -34.32 0.64
 -12.63 -34.19 0.59
 -12.67 -34.07 0.58
 -12.71 -33.95 0.58
 -12.76 -33.85 0.59
 -12.80 -33.75 0.59
 -12.81 -33.68 0.59
 -12.79 -33.64 0.58
 -12.79 -33.64 0.58
 -12.88 -32.13 -0.14
 -12.84 -32.13 -0.16
 -12.77 -32.12 -0.21
 -12.71 -32.11 -0.26
 -12.69 -32.09 -0.29
 -12.70 -32.05 -0.29
 -12.72 -32.01 -0.29
 -12.73 -31.97 -0.31
 -12.73 -31.93 -0.33
 -12.73 -31.89 -0.35
 -12.75 -31.85 -0.37
 -12.75 -31.81 -0.37
 -12.75 -31.78 -0.38
 -12.74 -31.74 -0.39
 -12.75 -31.72 -0.41
 -12.75 -31.72 -0.41
 -12.61 -30.61 -1.19
 -12.62 -30.60 -1.23
 -12.64 -30.60 -1.26
 -12.67 -30.61 -1.29
 -12.71 -30.63 -1.34
 -12.75 -30.66 -1.39
 -12.81 -30.67 -1.45
 -12.81 -30.67 -1.45
 -13.10 -30.76 -1.66
 -13.11 -30.76 -1.67
 -13.10 -30.75 -1.68
 -13.08 -30.73 -1.70
 -13.06 -30.71 -1.71
 -13.04 -30.68 -1.74
 -13.03 -30.64 -1.76
 -13.02 -30.61 -1.78
 -13.01 -30.58 -1.81
 -13.03 -30.55 -1.83
 -13.06 -30.52 -1.83
 -13.10 -30.48 -1.83
 -13.14 -30.45 -1.82
 -13.19 -30.42 -1.80
 -13.22 -30.39 -1.79
 -13.22 -30.39 -1.79
 -13.33 -29.84 -1.85
 -13.37 -29.85 -1.88
 -13.40 -29.85 -1.91
 -13.42 -29.87 -1.93
 -13.42 -29.88 -1.95
 -13.41 -29.89 -1.97
 -13.38 -29.90 -2.00
 -13.36 -29.90 -2.03
 -13.34 -29.90 -2.06
 -13.34 -29.90 -2.07
 -13.35 -29.90 -2.07
 -13.35 -29.91 -2.07
 -13.35 -29.91 -2.08
 -13.35 -29.91 -2.09
 -13.35 -29.91 -2.11
 -13.35 -29.91 -2.11
 -13.33 -29.72 -2.40
 -13.31 -29.70 -2.40
