 3.90 1.51 -29.21
 3.85 1.44 -29.20
 3.85 1.44 -29.20
 2.60 1.61 -28.89
 2.50 1.50 -28.81
 2.40 1.42 -28.72
 2.30 1.36 -28.63
 2.21 1.30 -28.55
 2.10 1.25 -28.47
 2.00 1.21 -28.39
 1.86 1.17 -28.33
 1.72 1.11 -28.26
 1.61 1.04 -28.20
 1.55 0.97 -28.16
 1.49 0.89 -28.14
 1.44 0.83 -28.13
 1.39 0.78 -28.13
 1.34 0.75 -28.15
 1.30 0.72 -28.16
 1.25 0.69 -28.18
 1.25 0.69 -28.18
 -2.68 3.29 -22.54
 -2.72 3.41 -22.36
 -2.71 3.55 -22.19
 -2.69 3.72 -22.02
 -2.71 3.92 -21.86
 -2.76 4.14 -21.71
 -2.83 4.34 -21.57
 -2.91 4.53 -21.44
 -2.97 4.70 -21.29
 -3.01 4.88 -21.12
 -3.03 5.08 -20.91
 -3.06 5.32 -20.67
 -3.13 5.57 -20.41
 -3.25 5.81 -20.14
 -3.41 6.00 -19.88
 -3.60 6.16 -19.63
 -3.60 6.16 -19.63
 -6.50 14.15 -12.55
 -6.59 14.43 -12.20
 -6.68 14.70 -11.90
 -6.78 14.95 -11.67
 -6.92 15.21 -11.49
 -7.07 15.46 -11.35
 -7.18 15.73 -11.22
 -7.22 16.01 -11.05
 -7.20 16.30 -10.81
 -7.15 16.61 -10.51
 -7.10 16.92 -10.16
 -7.08 17.20 -9.78
 -7.08 17.44 -9.40
 -7.10 17.64 -9.04
 -7.12 17.81 -8.70
 -7.10 17.97 -8.36
 -7.10 17.97 -8.36
 -5.00 20.22 -2.03
 -5.00 20.15 -2.18
 -5.01 20.10 -2.33
 -5.02 20.07 -2.47
 -5.01 20.06 -2.62
 -4.98 20.07 -2.77
 -4.94 20.09 -2.95
 -4.91 20.14 -3.13
 -4.88 20.19 -3.34
 -4.90 20.26 -3.54
 -4.93 20.33 -3.75
 -4.98 20.37 -3.97
 -5.03 20.41 -4.20
 -5.07 20.44 -4.46
 -5.07 20.47 -4.74
 -5.03 20.52 -5.04
 -5.03 20.52 -5.04
 -4.36 21.05 -15.41
 -4.11 21.06 -15.76
 -3.87 21.10 -16.09
 -3.65 21.17 -16.41
 -3.45 21.24 -16.73
 -3.27 21.32 -17.08
 -3.05 21.36 -17.44
 -2.81 21.37 -17.82
 -2.55 21.35 -18.22
 -2.31 21.33 -18.63
 -2.12 21.33 -19.02
 -2.00 21.36 -19.40
 -1.92 21.40 -19.78
 -1.86 21.45 -20.17
 -1.80 21.51 -20.57
 -1.70 21.57 -20.98
 -1.70 21.57 -20.98
 -1.25 20.23 -31.25
 -1.14 20.17 -31.53
 -1.04 20.07 -31.78
 -0.94 19.94 -31.99
 -0.84 19.80 -32.18
 -0.76 19.67 -32.35
 -0.68 19.57 -32.51
 -0.62 19.49 -32.67
 -0.56 19.43 -32.83
 -0.53 19.35 -32.98
 -0.52 19.23 -33.08
 -0.54 19.07 -33.15
 -0.57 18.90 -33.17
 -0.61 18.73 -33.13
 -0.61 18.58 -33.04
 -0.55 18.45 -32.92
 -0.55 18.45 -32.92
 3.58 15.76 -32.30
 3.42 15.80 -32.33
 3.24 15.82 -32.33
 3.05 15.83 -32.29
 2.86 15.84 -32.23
 2.67 15.82 -32.17
 2.47 15.79 -32.13
 2.31 15.73 -32.09
 2.18 15.64 -32.08
 2.05 15.52 -32.09
 1.89 15.38 -32.12
 1.70 15.21 -32.14
 1.49 15.04 -32.16
 1.24 14.86 -32.17
 0.97 14.68 -32.18
 0.69 14.50 -32.17
 0.69 14.50 -32.17
 -3.63 10.24 -25.48
 -3.50 10.15 -25.27
 -3.35 10.07 -25.09
 -3.20 10.00 -24.96
 -3.08 9.92 -24.89
 -2.99 9.85 -24.87
 -2.93 9.77 -24.87
 -2.90 9.68 -24.85
 -2.87 9.55 -24.78
 -2.84 9.38 -24.68
 -2.81 9.18 -24.56
 -2.77 8.98 -24.41
 -2.72 8.78 -24.28
 -2.71 8.60 -24.16
 -2.72 8.46 -24.08
 -2.76 8.38 -24.02
 -2.76 8.38 -24.02
 -1.64 7.83 -21.24
 -1.61 7.85 -21.12
 -1.53 7.89 -21.00
 -1.41 7.96 -20.89
 -1.25 8.05 -20.78
 -1.07 8.16 -20.68
 -0.91 8.26 -20.60
 -0.82 8.35 -20.52
 -0.78 8.41 -20.45
 -0.80 8.45 -20.38
