 -3.04 3.91 -14.88
 -3.01 3.90 -14.89
 -3.01 3.90 -14.89
 -4.17 6.03 -12.95
 -4.12 6.11 -12.98
 -4.14 6.15 -12.98
 -4.24 6.14 -12.96
 -4.38 6.08 -12.93
 -4.51 5.98 -12.89
 -4.60 5.88 -12.84
 -4.62 5.80 -12.78
 -4.62 5.75 -12.69
 -4.63 5.76 -12.59
 -4.67 5.81 -12.47
 -4.75 5.87 -12.33
 -4.88 5.94 -12.18
 -5.01 6.00 -12.02
 -5.15 6.07 -11.85
 -5.30 6.16 -11.68
 -5.30 6.16 -11.68
 -9.38 10.93 -6.16
 -9.46 11.04 -5.92
 -9.54 11.14 -5.69
 -9.61 11.27 -5.49
 -9.66 11.43 -5.31
 -9.64 11.63 -5.17
 -9.59 11.86 -5.04
 -9.53 12.12 -4.91
 -9.50 12.40 -4.76
 -9.52 12.70 -4.58
 -9.60 12.99 -4.35
 -9.73 13.24 -4.10
 -9.87 13.46 -3.82
 -10.00 13.65 -3.54
 -10.09 13.84 -3.27
 -10.15 14.05 -3.02
 -10.15 14.05 -3.02
 -11.30 21.57 4.24
 -11.20 21.75 4.43
 -11.10 21.94 4.58
 -11.01 22.14 4.73
 -10.94 22.33 4.88
 -10.93 22.48 5.03
 -10.97 22.60 5.18
 -11.04 22.71 5.33
 -11.09 22.79 5.47
 -11.11 22.89 5.60
 -11.08 22.98 5.73
 -11.00 23.10 5.86
 -10.93 23.21 5.99
 -10.86 23.32 6.13
 -10.81 23.43 6.29
 -10.78 23.55 6.45
 -10.78 23.55 6.45
 -8.30 23.18 3.28
 -8.18 23.29 2.99
 -8.08 23.40 2.69
 -7.98 23.53 2.37
 -7.91 23.67 2.06
 -7.85 23.79 1.74
 -7.80 23.90 1.44
 -7.72 23.99 1.14
 -7.63 24.05 0.83
 -7.51 24.10 0.53
 -7.36 24.16 0.21
 -7.21 24.23 -0.12
 -7.04 24.33 -0.46
 -6.87 24.45 -0.80
 -6.71 24.57 -1.14
 -6.57 24.69 -1.48
 -6.43 24.77 -1.83
 -6.43 24.77 -1.83
 -1.34 27.47 -12.95
 -1.35 27.46 -13.31
 -1.34 27.47 -13.67
 -1.31 27.49 -14.02
 -1.25 27.51 -14.36
 -1.18 27.52 -14.71
 -1.10 27.52 -15.04
 -1.05 27.52 -15.37
 -1.01 27.53 -15.69
 -0.98 27.53 -16.02
 -0.95 27.52 -16.35
 -0.90 27.48 -16.69
 -0.84 27.43 -17.02
 -0.77 27.38 -17.34
 -0.71 27.34 ?.65
 -0.66 27.31 -17.95
 -0.66 27.31 -17.95
 2.28 27.94 -27.06
 2.41 27.98 -27.26
 2.54 28.03 -27.45
 2.66 28.09 -27.63
 2.75 28.17 -27.81
 2.83 28.24 -27.99
 2.92 28.30 -28.17
 3.04 28.35 -28.36
 3.17 28.38 -28.57
 3.31 28.42 -28.78
 3.44 28.46 -28.99
 3.54 28.50 -29.19
 3.64 28.55 -29.39
 3.75 28.58 -29.57
 3.89 28.59 -29.75
 4.05 28.58 -29.93
 4.05 28.58 -29.93
 3.71 27.33 -32.09
 3.44 27.03 -31.87
 3.16 26.71 -31.65
 2.89 26.38 -31.45
 2.65 26.05 -31.24
 2.45 25.71 -31.02
 2.28 25.37 -30.81
 2.14 25.01 -30.59
 2.05 24.66 -30.37
 1.98 24.29 -30.14
 1.91 23.90 -29.91
 1.82 23.50 -29.68
 1.70 23.10 -29.45
 1.56 22.70 -29.20
 1.39 22.32 -28.94
 1.23 21.94 -28.68
 1.23 21.94 -28.68
 1.62 11.00 -18.86
 1.68 10.76 -18.61
 1.76 10.52 -18.38
 1.86 10.28 -18.16
 1.98 10.03 -17.96
 2.13 9.79 -17.77
 2.29 9.56 -17.58
 2.45 9.35 -17.39
 2.58 9.16 -17.19
 2.68 8.97 -16.97
 2.77 8.77 -16.75
 2.86 8.57 -16.53
 2.99 8.36 -16.31
 3.13 8.16 -16.11
 3.29 7.95 -15.92
 3.45 7.74 -15.76
 3.62 7.53 -15.63
 3.62 7.53 -15.63
 4.79 3.58 -12.38
 4.70 3.44 -12.20
 4.63 3.23 -12.04
 4.57 3.01 -11.91
 4.57 2.82 -11.82
 4.63 2.70 -11.76
 4.76 2.67 -11.74
 4.94 2.71 -11.74
 5.10 2.78 -11.76
