 -13.78 -2.07 1.70
 -11.72 -39.06 -6.75
 -11.77 -39.00 -6.73
 -11.86 -38.92 -6.68
 -11.98 -38.83 -6.62
 -12.09 -38.75 -6.54
 -12.18 -38.67 -6.48
 -12.25 -38.59 -6.45
 -12.31 -38.52 -6.45
 -12.40 -38.47 -6.45
 -12.48 -38.43 -6.46
 -12.54 -38.40 -6.50
 -12.58 -38.38 -6.53
 -12.62 -38.38 -6.57
 -12.65 -38.38 -6.60
 -12.67 -38.40 -6.63
 -12.67 -38.40 -6.63
 -11.98 -37.92 -7.01
 -11.96 -37.95 -7.03
 -11.95 -37.99 -7.06
 -11.94 -38.05 -7.09
 -11.92 -38.10 -7.11
 -11.90 -38.16 -7.12
 -11.86 -38.20 -7.14
 -11.80 -38.23 -7.18
 -11.73 -38.27 -7.25
 -11.67 -38.32 -7.31
 -11.65 -38.37 -7.33
 -11.64 -38.41 -7.32
 -11.61 -38.45 -7.29
 -11.56 -38.47 -7.26
 -11.50 -38.50 -7.23
 -11.50 -38.50 -7.23
 2.16 -12.92 21.59
 2.15 -11.26 22.85
 1.97 -9.73 24.13
 1.86 -8.36 25.41
 1.89 -7.18 26.68
 2.05 -6.23 27.94
 2.26 -5.46 29.16
 2.43 -4.85 30.32
 2.43 -4.85 30.32
 4.01 1.87 34.74
 3.87 2.10 34.64
 3.74 2.32 34.55
 3.61 2.53 34.45
 3.45 2.72 34.36
 3.29 2.90 34.28
 3.14 3.06 34.20
 2.99 3.19 34.12
 2.85 3.30 34.03
 2.72 3.38 33.93
 2.61 3.44 33.83
 2.53 3.50 33.74
 2.46 3.54 33.63
 2.35 3.58 33.52
 2.20 3.63 33.41
 2.03 3.70 33.32
 1.90 3.78 33.28
 1.83 3.87 33.25
 1.83 3.87 33.25
 -4.68 19.10 -16.87
 -4.38 19.81 -18.03
 -4.09 20.36 -19.04
 -3.84 20.74 -19.96
 -3.67 20.94 -20.81
 -3.55 21.00 -21.60
 -3.45 20.97 -22.35
 -3.37 20.89 -23.06
 -3.24 20.79 -23.72
 -3.05 20.71 -24.33
 -2.82 20.69 -24.90
 -2.59 20.72 -25.46
 -2.40 20.76 -26.01
 -2.23 20.80 -26.54
 -2.02 20.81 -27.00
 -1.77 20.79 -27.39
 -1.77 20.79 -27.39
 3.66 15.92 -27.48
 2.87 12.91 -26.92
 1.75 9.63 -26.23
 0.29 6.16 -25.38
 -1.50 2.63 -24.31
 -3.72 -0.79 -22.99
 -6.25 -4.05 -21.36
 -8.61 -7.18 -19.39
 -10.55 -10.20 -17.17
 -12.19 -13.15 -14.77
 -13.61 -16.07 -12.27
 -14.81 -18.93 -9.80
 -15.87 -21.73 -7.44
 -16.88 -24.49 -5.20
 -17.88 -27.23 -3.02
 -17.88 -27.23 -3.02
 -16.18 -51.73 19.17
 -16.07 -51.75 19.17
 -15.98 -51.81 19.17
 -15.93 -51.89 19.18
 -15.91 -51.98 19.18
 -15.89 -52.05 19.17
 -15.87 -52.09 19.18
 -15.87 -52.09 19.18
 -15.36 -52.09 19.23
 -15.26 -52.06 19.21
 -15.17 -52.01 19.20
 -15.11 -51.98 19.21
 -15.06 -51.95 19.24
 -15.04 -51.92 19.27
 -15.02 -51.89 19.28
 -15.01 -51.86 19.29
 -14.99 -51.83 19.29
 -14.96 -51.81 19.29
 -14.92 -51.78 19.29
 -14.87 -51.74 19.30
 -14.83 -51.70 19.32
 -14.80 -51.68 19.33
 -14.77 -51.66 19.35
 -14.77 -51.66 19.35
 -14.14 -51.31 19.24
 -14.12 -51.30 19.23
 -14.11 -51.28 19.22
 -14.10 -51.26 19.21
 -14.08 -51.24 19.20
 -14.06 -51.22 19.18
 -14.02 -51.19 19.17
 -13.98 -51.17 19.16
 -13.93 -51.15 19.16
 -13.89 -51.15 19.17
 -13.86 -51.17 19.18
 -13.83 -51.19 19.18
 -13.83 -51.21 19.19
 -13.83 -51.23 19.19
 -13.84 -51.24 19.20
 -13.84 -51.24 19.20
 -13.28 -50.80 19.14
 -13.27 -50.78 19.15
 -13.27 -50.75 19.15
 -13.24 -50.72 19.15
 -13.20 -50.68 19.13
 -13.16 -50.65 19.12
 -13.12 -50.64 19.11
 -13.10 -50.65 19.10
 -13.09 -50.65 19.10
 -13.08 -50.65 19.11
 -13.07 -50.64 19.11
 -13.06 -50.62 19.11
 -13.02 -50.59 19.10
 -12.98 -50.57 19.08
 -12.95 -50.55 19.06
 -12.95 -50.55 19.06
