 7.44 -2.59 -20.27
 7.49 -2.53 -20.33
 7.58 -2.49 -20.38
 7.84 -2.48 -20.44
 8.42 -2.33 -20.47
 8.56 -1.97 -20.45
 8.34 -1.56 -20.42
 7.98 -1.19 -20.29
 7.66 -0.87 -20.06
 7.36 -0.59 -19.78
 7.18 -0.38 -19.54
 7.08 -0.22 -19.36
 7.00 -0.05 -19.15
 6.91 0.14 -18.85
 6.91 0.14 -18.85
 6.38 2.62 -12.64
 6.25 2.93 -12.33
 6.14 3.22 -12.01
 6.01 3.48 -11.69
 5.86 3.71 -11.38
 5.69 3.90 -11.09
 5.51 4.07 -10.82
 5.33 4.22 -10.57
 5.17 4.36 -10.35
 5.08 4.49 -10.15
 5.08 4.63 -9.96
 5.09 4.79 -9.79
 5.08 4.96 -9.61
 5.00 5.13 -9.43
 4.84 5.26 -9.24
 4.63 5.36 -9.02
 4.40 5.45 -8.78
 4.16 5.54 -8.52
 4.16 5.54 -8.52
 0.47 11.51 -0.15
 0.50 11.77 0.08
 0.50 11.99 0.31
 0.47 12.16 0.54
 0.45 12.24 0.79
 0.47 12.27 1.08
 0.52 12.28 1.36
 0.57 12.31 1.64
 0.57 12.40 1.93
 0.48 12.55 2.22
 0.31 12.75 2.50
 0.12 12.97 2.77
 -0.03 13.19 3.04
 -0.14 13.40 3.31
 -0.24 13.60 3.56
 -0.34 13.81 3.79
 -0.45 14.02 4.01
 -0.56 14.22 4.22
 -0.56 14.22 4.22
 -0.01 17.06 8.98
 -0.04 16.92 8.75
 -0.10 16.79 8.52
 -0.12 16.69 8.32
 -0.05 16.65 8.15
 0.08 16.70 7.96
 0.20 16.84 7.72
 0.28 17.06 7.44
 0.29 17.31 7.12
 0.28 17.54 6.78
 0.26 17.71 6.45
 0.27 17.83 6.11
 0.31 17.91 5.77
 0.40 17.95 5.42
 0.60 17.97 5.05
 0.92 17.97 4.68
 1.33 17.95 4.32
 1.75 17.90 3.95
 1.75 17.90 3.95
 4.34 19.17 -13.29
 4.37 19.10 -13.64
 4.41 19.03 -13.95
 4.48 18.98 -14.25
 4.55 18.95 -14.58
 4.59 18.96 -14.97
 4.58 18.99 -15.43
 4.49 19.04 -15.93
 4.36 19.09 -16.41
 4.26 19.12 -16.83
 4.23 19.12 -17.17
 4.29 19.08 -17.43
 4.42 19.04 -17.64
 4.56 18.99 -17.88
 4.65 18.96 -18.17
 4.64 18.98 -18.55
 4.56 19.01 -18.97
 4.56 19.01 -18.97
 8.06 18.77 -24.59
 8.29 18.85 -24.74
 8.48 18.90 -24.92
 8.64 18.92 -25.10
 8.81 18.91 -25.25
 9.01 18.89 -25.36
 9.26 18.88 -25.45
 9.51 18.90 -25.54
 9.71 18.94 -25.65
 9.82 19.01 -25.76
 9.88 19.10 -25.86
 9.92 19.20 -25.94
 9.97 19.28 -25.99
 10.07 19.35 -26.00
 10.22 19.42 -26.00
 10.37 19.48 -26.00
 10.37 19.48 -26.00
 10.30 19.51 -24.62
 10.37 18.90 -24.39
 10.36 18.28 -24.15
 10.22 17.75 -23.92
 9.94 17.34 -23.69
 9.57 17.06 -23.44
 9.17 16.90 -23.18
 8.78 16.84 -22.91
 8.38 16.85 -22.65
 7.98 16.90 -22.41
 7.60 16.96 -22.16
 7.29 17.04 -21.89
 7.06 17.11 -21.60
 6.90 17.15 -21.29
 6.72 17.13 -20.99
 6.50 17.02 -20.68
 6.50 17.02 -20.68
 6.18 6.80 -8.62
 6.27 6.51 -8.38
 6.32 6.24 -8.17
 6.38 6.00 -7.98
 6.50 5.79 -7.80
 6.69 5.59 -7.62
 6.97 5.40 -7.43
 7.33 5.19 -7.24
 7.69 4.97 -7.06
 7.97 4.73 -6.91
 8.15 4.51 -6.79
 8.20 4.33 -6.69
 8.18 4.20 -6.56
 8.12 4.12 -6.39
 8.12 4.09 -6.19
 8.20 4.09 -5.96
 8.33 4.11 -5.73
 8.46 4.11 -5.51
 8.46 4.11 -5.51
 12.67 4.46 -3.55
 12.67 4.56 -3.59
 12.70 4.65 -3.63
 12.72 4.74 -3.68
 12.71 4.83 -3.73
 12.68 4.92 -3.76
 12.66 5.00 -3.79
