 2.04 2.43 -18.77
 2.47 2.45 -18.81
 2.45 2.53 -18.84
 2.41 2.62 -18.84
 2.42 2.70 -18.83
 2.43 2.70 -18.82
 2.46 2.66 -18.80
 2.44 2.60 -18.78
 2.34 2.49 -18.76
 2.24 2.36 -18.74
 2.20 2.18 -18.73
 2.23 2.00 -18.74
 2.31 1.81 -18.77
 2.38 1.64 -18.82
 2.43 1.49 -18.86
 2.45 1.35 -18.90
 2.45 1.22 -18.92
 2.45 1.22 -18.92
 0.81 -0.04 -15.76
 0.89 0.12 -15.56
 0.96 0.28 -15.36
 0.97 0.46 -15.16
 0.94 0.66 -14.96
 0.93 0.87 -14.75
 0.94 1.07 -14.52
 0.95 1.27 -14.29
 0.92 1.47 -14.04
 0.85 1.64 -13.79
 0.73 1.80 -13.54
 0.61 1.93 -13.28
 0.50 2.04 -13.03
 0.40 2.16 -12.80
 0.32 2.29 -12.57
 0.28 2.44 -12.36
 0.25 2.60 -12.17
 0.25 2.60 -12.17
 -2.98 10.15 -5.33
 -3.12 10.42 -5.12
 -3.22 10.67 -4.92
 -3.28 10.91 -4.73
 -3.30 11.15 -4.56
 -3.28 11.36 -4.42
 -3.26 11.55 -4.29
 -3.23 11.70 -4.18
 -3.23 11.70 -4.18
 -2.88 13.96 -2.12
 -2.82 14.03 -1.94
 -2.82 14.11 -1.74
 -2.89 14.18 -1.53
 -3.01 14.27 -1.35
 -3.16 14.38 -1.20
 -3.30 14.51 -1.10
 -3.39 14.65 -1.07
 -3.40 14.77 -1.09
 -3.33 14.87 -1.15
 -3.17 14.94 -1.23
 -2.93 14.96 -1.31
 -2.67 14.96 -1.37
 -2.43 14.95 -1.44
 -2.26 14.95 -1.49
 -2.19 14.95 -1.54
 -2.19 14.95 -1.54
 -0.69 16.37 1.58
 -0.66 16.27 1.42
 -0.54 16.14 1.27
 -0.35 15.99 1.12
 -0.14 15.83 0.96
 0.04 15.67 0.78
 0.20 15.50 0.58
 0.32 15.35 0.35
 0.42 15.21 0.11
 0.52 15.09 -0.15
 0.62 14.99 -0.41
 0.72 14.92 -0.68
 0.81 14.89 -0.94
 0.84 14.91 -1.18
 0.82 14.95 -1.42
 0.76 15.03 -1.65
 0.70 15.13 -1.87
 0.70 15.13 -1.87
 1.86 16.80 -11.05
 2.01 16.79 -11.40
 2.17 16.81 -11.75
 2.37 16.85 -12.08
 2.62 16.89 -12.38
 2.90 16.92 -12.66
 3.21 16.93 -12.92
 3.52 16.92 -13.18
 3.84 16.88 -13.43
 4.14 16.84 -13.70
 4.40 16.81 -13.99
 4.61 16.81 -14.27
 4.79 16.84 -14.55
 4.97 16.91 -14.81
 5.14 16.99 -15.06
 5.29 17.08 -15.30
 5.29 17.08 -15.30
 3.71 19.15 -23.49
 3.59 19.21 -23.64
 3.48 19.26 -23.78
 3.39 19.31 -23.89
 3.34 19.35 -23.97
 3.36 19.39 -24.03
 3.44 19.43 -24.08
 3.59 19.45 -24.13
 3.74 19.47 -24.21
 3.82 19.49 -24.33
 3.76 19.52 -24.46
 3.60 19.56 -24.60
 3.38 19.61 -24.74
 3.15 19.68 -24.88
 2.95 19.77 -25.01
 2.79 19.85 -25.15
 2.79 19.85 -25.15
 4.92 20.15 -30.95
 4.90 20.12 -30.99
 4.88 20.07 -31.01
 4.87 20.01 -31.02
 4.84 19.95 -31.01
 4.78 19.90 -30.98
 4.64 19.83 -30.94
 4.40 19.76 -30.90
 4.40 19.76 -30.90
 1.17 17.19 -28.78
 0.99 17.09 -28.58
 0.79 16.97 -28.40
 0.58 16.85 -28.21
 0.40 16.71 -28.01
 0.29 16.56 -27.79
 0.24 16.38 -27.55
 0.25 16.19 -27.30
 0.29 16.01 -27.03
 0.31 15.83 -26.77
 0.29 15.66 -26.52
 0.23 15.51 -26.29
 0.16 15.37 -26.07
 0.08 15.25 -25.87
 0.00 15.14 -25.68
 -0.06 15.02 -25.49
 -0.06 15.02 -25.49
 -0.98 8.76 -18.08
 -1.01 8.58 -17.81
 -1.07 8.39 -17.53
 -1.13 8.17 -17.25
 -1.17 7.97 -16.96
 -1.16 7.78 -16.69
 -1.14 7.64 -16.44
 -1.13 7.52 -16.20
 -1.13 7.43 -15.97
 -1.15 7.34 -15.74
