 -5.29 -21.16 -3.33
 -5.36 -21.11 -3.30
 -5.45 -21.07 -3.27
 -5.51 -21.06 -3.24
 -5.56 -21.08 -3.20
 -5.58 -21.12 -3.16
 -5.58 -21.17 -3.13
 -5.57 -21.23 -3.11
 -5.53 -21.28 -3.10
 -5.48 -21.33 -3.10
 -5.45 -21.38 -3.10
 -5.43 -21.44 -3.11
 -5.42 -21.51 -3.11
 -5.44 -21.59 -3.10
 -5.44 -21.59 -3.10
 -6.08 -24.06 -4.23
 -6.30 -24.24 -4.12
 -6.54 -24.39 -3.98
 -6.84 -24.47 -3.80
 -7.23 -24.46 -3.58
 -7.64 -24.37 -3.33
 -7.98 -24.20 -3.05
 -8.22 -23.98 -2.74
 -8.33 -23.71 -2.39
 -8.36 -23.35 -1.99
 -8.35 -22.86 -1.54
 -8.29 -22.17 -1.04
 -8.16 -21.22 -0.49
 -7.91 -19.97 0.09
 -7.37 -18.41 0.73
 -6.38 -16.61 1.41
 -6.38 -16.61 1.41
 9.73 -0.74 18.84
 9.66 -0.66 18.71
 9.58 -0.57 18.62
 9.50 -0.47 18.55
 9.39 -0.38 18.50
 9.28 -0.29 18.46
 9.17 -0.22 18.42
 9.08 -0.16 18.39
 8.98 -0.10 18.37
 8.90 -0.05 18.37
 8.84 0.01 18.40
 8.76 0.10 18.46
 8.68 0.23 18.54
 8.62 0.39 18.62
 8.58 0.59 18.71
 8.57 0.83 18.78
 8.58 1.08 18.84
 8.58 1.08 18.84
 2.02 11.12 5.35
 1.89 11.16 5.44
 1.77 11.18 5.50
 1.63 11.17 5.56
 1.50 11.15 5.61
 1.39 11.16 5.68
 1.33 11.21 5.78
 1.33 11.28 5.88
 1.36 11.34 5.96
 1.36 11.34 5.96
 0.87 11.21 4.78
 0.87 11.13 4.78
 0.89 11.06 4.76
 0.93 11.02 4.73
 0.98 11.00 4.71
 1.06 10.95 4.69
 1.17 10.83 4.66
 1.28 10.62 4.61
 1.40 10.29 4.53
 1.61 9.85 4.46
 1.98 9.28 4.40
 2.59 8.54 4.32
 3.57 7.46 4.11
 4.74 6.09 3.70
 5.86 4.39 3.05
 6.67 2.33 2.20
 7.13 -0.07 1.23
 7.24 -2.71 0.26
 7.24 -2.71 0.26
 -2.78 -30.11 7.83
 -2.77 -30.01 7.77
 -2.77 -29.88 7.70
 -2.75 -29.77 7.62
 -2.72 -29.68 7.54
 -2.71 -29.63 7.49
 -2.75 -29.61 7.46
 -2.83 -29.61 7.47
 -2.97 -29.59 7.49
 -3.14 -29.53 7.52
 -3.30 -29.45 7.56
 -3.41 -29.35 7.59
 -3.46 -29.25 7.61
 -3.43 -29.17 7.62
 -3.36 -29.10 7.60
 -3.34 -29.01 7.57
 -3.38 -28.92 7.53
 -3.38 -28.92 7.53
 -4.52 -28.32 7.07
 -4.39 -28.29 7.03
 -4.24 -28.26 6.98
 -4.07 -28.23 6.93
 -3.92 -28.19 6.89
 -3.79 -28.12 6.88
 -3.72 -28.05 6.88
 -3.71 -27.98 6.89
 -3.74 -27.92 6.89
 -3.80 -27.88 6.86
 -3.84 -27.87 6.81
 -3.87 -27.88 6.74
 -3.86 -27.90 6.66
 -3.84 -27.92 6.60
 -3.80 -27.93 6.56
 -3.78 -27.94 6.55
 -3.78 -27.94 6.55
 -3.83 -28.31 6.05
 -3.85 -28.32 6.08
 -3.85 -28.32 6.09
 -3.82 -28.33 6.07
 -3.79 -28.34 6.03
 -3.79 -28.34 5.99
 -3.83 -28.34 5.95
 -3.90 -28.32 5.93
 -3.96 -28.30 5.93
 -3.98 -28.27 5.93
 -3.98 -28.26 5.93
 -3.96 -28.27 5.92
 -3.95 -28.27 5.91
 -3.94 -28.27 5.89
 -3.95 -28.28 5.90
 -3.96 -28.28 5.91
 -3.97 -28.30 5.92
 -3.97 -28.30 5.92
 -4.18 -27.86 5.77
 -4.14 -27.84 5.76
 -4.10 -27.82 5.76
 -4.07 -27.81 5.76
 -4.07 -27.82 5.78
 -4.08 -27.84 5.80
 -4.07 -27.86 5.80
 -4.06 -27.89 5.79
 -4.05 -27.91 5.78
 -4.05 -27.90 5.78
 -4.06 -27.87 5.79
 -4.06 -27.83 5.79
 -4.04 -27.80 5.79
 -4.01 -27.78 5.77
 -4.00 -27.77 5.76
 -4.01 -27.77 5.76
 -4.01 -27.77 5.76
 -4.13 -28.05 5.59
