 1.72 3.64 -26.61
 1.30 5.48 -26.29
 1.37 5.37 -26.27
 1.42 5.26 -26.22
 1.45 5.16 -26.16
 1.43 5.07 -26.06
 1.38 5.01 -25.94
 1.34 4.97 -25.79
 1.30 4.96 -25.62
 1.25 4.98 -25.45
 1.20 5.06 -25.28
 1.16 5.18 -25.13
 1.13 5.35 -25.00
 1.09 5.53 -24.88
 1.03 5.72 -24.77
 0.97 5.90 -24.65
 0.92 6.06 -24.52
 0.89 6.18 -24.38
 0.89 6.18 -24.38
 -1.79 11.17 -16.61
 -1.87 11.37 -16.31
 -1.92 11.55 -16.02
 -1.98 11.71 -15.76
 -2.08 11.87 -15.51
 -2.20 12.04 -15.28
 -2.32 12.21 -15.05
 -2.43 12.38 -14.82
 -2.51 12.55 -14.60
 -2.55 12.72 -14.37
 -2.54 12.86 -14.14
 -2.52 12.99 -13.90
 -2.52 13.09 -13.67
 -2.55 13.20 -13.45
 -2.62 13.33 -13.23
 -2.74 13.46 -13.01
 -2.74 13.46 -13.01
 -4.29 17.79 -8.30
 -4.35 18.02 -8.20
 -4.40 18.26 -8.07
 -4.52 18.50 -7.89
 -4.71 18.73 -7.68
 -4.98 18.98 -7.47
 -5.30 19.21 -7.28
 -5.62 19.45 -7.12
 -5.91 19.69 -6.98
 -6.13 19.88 -6.86
 -6.18 20.02 -6.71
 -6.11 20.11 -6.55
 -5.98 20.18 -6.37
 -5.86 20.24 -6.20
 -5.80 20.31 -6.07
 -5.83 20.40 -5.95
 -5.83 20.40 -5.95
 -2.25 12.78 -5.77
 -2.11 12.50 -5.79
 -1.96 12.25 -5.81
 -1.85 12.04 -5.84
 -1.82 11.89 -5.89
 -1.89 11.79 -5.96
 -2.05 11.74 -6.02
 -2.24 11.73 -6.07
 -2.39 11.73 -6.09
 -2.46 11.72 -6.09
 -2.42 11.67 -6.08
 -2.27 11.60 -6.07
 -2.06 11.51 -6.11
 -1.87 11.42 -6.19
 -1.72 11.33 -6.31
 -1.62 11.24 -6.44
 -1.62 11.24 -6.44
 0.28 9.56 -11.86
 0.36 9.54 -12.20
 0.42 9.49 -12.53
 0.48 9.41 -12.86
 0.50 9.33 -13.17
 0.50 9.25 -13.49
 0.51 9.19 -13.81
 0.55 9.16 -14.14
 0.63 9.17 -14.48
 0.73 9.22 -14.82
 0.82 9.29 -15.16
 0.89 9.39 -15.46
 0.94 9.48 -15.76
 0.97 9.57 -16.04
 1.04 9.66 -16.31
 1.12 9.73 -16.54
 1.22 9.80 -16.76
 1.22 9.80 -16.76
 5.18 9.90 -26.65
 5.24 9.74 -26.90
 5.23 9.60 -27.18
 5.16 9.50 -27.46
 5.07 9.45 -27.70
 4.99 9.42 -27.90
 4.94 9.42 -28.05
 4.94 9.44 -28.17
 4.96 9.47 -28.28
 5.02 9.53 -28.42
 5.10 9.61 -28.60
 4.84 9.56 -28.16
 4.87 9.61 -27.49
 4.86 9.61 -26.95
 4.84 9.79 -26.48
 4.81 9.99 -26.13
 4.76 10.16 -25.87
 4.76 10.16 -25.87
 -1.78 13.79 -27.00
 -2.11 13.82 -26.96
 -2.41 13.87 -26.95
 -2.65 13.93 -26.95
 -2.84 13.99 -26.94
 -2.99 14.05 -26.89
 -3.15 14.11 -26.81
 -3.34 14.16 -26.70
 -3.57 14.21 -26.56
 -3.80 14.24 -26.43
 -4.01 14.25 -26.29
 -4.20 14.21 -26.13
 -4.33 14.15 -25.92
 -4.42 14.05 -25.64
 -4.49 13.96 -25.31
 -4.53 13.88 -24.94
 -4.53 13.88 -24.94
 -4.01 12.44 -18.79
 -4.02 12.32 -18.61
 -3.99 12.23 -18.47
 -3.92 12.17 -18.37
 -3.81 12.15 -18.29
 -3.72 12.17 -18.21
 -3.64 12.22 -18.09
 -3.58 12.27 -17.93
 -3.51 12.31 -17.70
 -3.47 12.32 -17.40
 -3.46 12.29 -17.07
 -3.47 12.22 -16.74
 -3.46 12.11 -16.48
 -3.41 11.99 -16.30
 -3.32 11.86 -16.19
 -3.32 11.86 -16.19
 -2.75 11.35 -12.33
 -2.77 11.34 -12.27
 -2.86 11.29 -12.20
 -3.02 11.19 -12.13
 -3.19 11.05 -12.06
 -3.31 10.89 -12.01
 -3.36 10.71 -11.97
 -3.35 10.54 -11.95
 -3.35 10.54 -11.95
 -3.16 9.55 -9.90
 -3.25 9.90 -9.85
