 0.95 6.40 -18.88
 0.83 6.54 -18.79
 0.69 6.60 -18.74
 0.65 6.61 -18.68
 0.98 6.81 -18.63
 0.92 7.14 -18.60
 0.58 7.40 -18.50
 0.20 7.47 -18.36
 0.04 7.39 -18.23
 0.12 7.23 -18.15
 0.33 7.03 -18.12
 0.52 6.85 -18.10
 0.67 6.69 -18.11
 0.82 6.54 -18.15
 1.00 6.41 -18.23
 1.00 6.41 -18.23
 -0.80 8.59 -15.58
 -0.90 8.88 -15.39
 -0.99 9.15 -15.20
 -1.08 9.40 -14.99
 -1.18 9.63 -14.75
 -1.28 9.81 -14.49
 -1.38 9.96 -14.21
 -1.44 10.10 -13.95
 -1.47 10.23 -13.72
 -1.46 10.38 -13.53
 -1.43 10.55 -13.38
 -1.40 10.73 -13.25
 -1.39 10.93 -13.13
 -1.44 11.14 -13.00
 -1.54 11.34 -12.85
 -1.66 11.55 -12.68
 -1.66 11.55 -12.68
 -5.08 18.61 -6.79
 -5.18 18.91 -6.59
 -5.31 19.23 -6.39
 -5.45 19.53 -6.18
 -5.61 19.81 -5.96
 -5.77 20.06 -5.75
 -5.93 20.29 -5.52
 -6.03 20.47 -5.29
 -6.06 20.62 -5.05
 -6.05 20.77 -4.82
 -6.01 20.91 -4.59
 -5.96 21.06 -4.39
 -5.94 21.23 -4.20
 -5.95 21.43 -4.02
 -6.02 21.65 -3.84
 -6.10 21.88 -3.65
 -6.10 21.88 -3.65
 -6.10 24.98 0.99
 -6.17 24.99 0.95
 -6.25 25.01 0.91
 -6.34 25.02 0.87
 -6.40 25.00 0.81
 -6.44 24.97 0.75
 -6.42 24.92 0.67
 -6.34 24.83 0.58
 -6.20 24.73 0.47
 -6.04 24.61 0.35
 -5.87 24.47 0.21
 -5.72 24.33 0.08
 -5.60 24.16 -0.05
 -5.48 23.98 -0.16
 -5.34 23.78 -0.27
 -5.16 23.58 -0.39
 -4.93 23.39 -0.53
 -4.93 23.39 -0.53
 -1.63 22.65 -11.78
 -1.64 22.59 -12.10
 -1.63 22.55 -12.39
 -1.59 22.50 -12.67
 -1.51 22.44 -12.94
 -1.43 22.36 -13.23
 -1.35 22.28 -13.53
 -1.30 22.20 -13.84
 -1.28 22.15 -14.15
 -1.28 22.11 -14.47
 -1.29 22.11 -14.77
 -1.29 22.11 -15.06
 -1.28 22.12 -15.34
 -1.21 22.10 -15.60
 -1.09 22.05 -15.87
 -0.94 21.99 -16.14
 -0.94 21.99 -16.14
 1.87 19.11 -23.49
 2.00 19.04 -23.60
 2.09 19.03 -23.71
 2.12 19.08 -23.83
 2.09 19.16 -23.99
 2.08 19.25 -24.16
 2.12 19.32 -24.35
 2.23 19.34 -24.52
 2.44 19.32 -24.66
 2.71 19.27 -24.76
 3.00 19.21 -24.82
 3.22 19.15 -24.85
 3.33 19.11 -24.86
 3.31 19.10 -24.87
 3.19 19.13 -24.88
 3.03 19.17 -24.89
 3.03 19.17 -24.89
 3.01 22.99 -27.87
 3.05 22.99 -27.95
 3.05 23.00 -28.03
 3.03 23.02 -28.10
 2.93 23.03 -28.19
 2.73 23.03 -28.30
 2.46 23.02 -28.42
 2.17 23.00 -28.53
 1.89 22.96 -28.63
 1.65 22.90 -28.71
 1.48 22.84 -28.76
 1.34 22.77 -28.81
 1.24 22.70 -28.84
 1.19 22.63 -28.88
 1.17 22.54 -28.91
 1.16 22.42 -28.94
 1.16 22.42 -28.94
 -0.51 15.80 -28.67
 -0.71 15.64 -28.62
 -0.90 15.49 -28.56
 -1.05 15.35 -28.48
 -1.16 15.21 -28.38
 -1.20 15.05 -28.28
 -1.20 14.87 -28.16
 -1.21 14.66 -28.01
 -1.26 14.43 -27.85
 -1.37 14.20 -27.69
 -1.52 13.99 -27.54
 -1.69 13.78 -27.39
 -1.81 13.57 -27.23
 -1.86 13.33 -27.04
 -1.86 13.07 -26.83
 -1.83 12.79 -26.60
 -1.83 12.79 -26.60
 -1.85 5.42 -18.94
 -1.80 5.24 -18.70
 -1.74 5.05 -18.48
 -1.69 4.87 -18.27
 -1.63 4.71 -18.08
 -1.59 4.57 -17.89
 -1.57 4.47 -17.69
 -1.57 4.43 -17.48
 -1.60 4.44 -17.25
 -1.64 4.46 -16.99
 -1.70 4.49 -16.73
 -1.81 4.51 -16.46
 -1.94 4.53 -16.20
 -2.03 4.54 -15.95
