 5.06 1.28 -29.34
 5.01 1.32 -29.37
 4.98 1.40 -29.41
 4.94 1.54 -29.46
 4.89 1.72 -29.50
 4.82 1.93 -29.50
 4.73 2.15 -29.48
 4.63 2.36 -29.43
 4.63 2.36 -29.43
 3.95 1.82 -28.89
 3.94 1.76 -28.77
 3.93 1.70 -28.65
 3.89 1.64 -28.55
 3.83 1.60 -28.45
 3.77 1.59 -28.34
 3.70 1.60 -28.21
 3.62 1.67 -28.05
 3.56 1.78 -27.87
 3.51 1.93 -27.66
 3.45 2.12 -27.43
 3.35 2.32 -27.17
 3.22 2.54 -26.88
 3.07 2.77 -26.58
 2.92 3.00 -26.28
 2.79 3.23 -25.99
 2.69 3.45 -25.72
 2.69 3.45 -25.72
 2.44 9.46 -16.40
 2.47 9.72 -16.04
 2.49 9.96 -15.68
 2.50 10.19 -15.32
 2.48 10.39 -14.96
 2.40 10.57 -14.59
 2.31 10.74 -14.21
 2.21 10.87 -13.84
 2.13 10.96 -13.46
 2.07 11.01 -13.11
 2.05 11.06 -12.79
 2.05 11.11 -12.47
 2.07 11.19 -12.13
 2.12 11.32 -11.76
 2.17 11.50 -11.34
 2.16 11.74 -10.89
 2.16 11.74 -10.89
 0.42 16.58 -1.12
 0.44 16.69 -0.94
 0.48 16.79 -0.79
 0.56 16.88 -0.65
 0.65 16.93 -0.54
 0.71 16.95 -0.45
 0.73 16.96 -0.40
 0.71 16.96 -0.39
 0.67 16.95 -0.41
 0.63 16.94 -0.47
 0.60 16.93 -0.54
 0.58 16.93 -0.60
 0.54 16.93 -0.64
 0.51 16.93 -0.68
 0.49 16.94 -0.72
 0.48 16.94 -0.76
 0.50 16.93 -0.82
 0.50 16.93 -0.82
 3.13 18.79 -8.39
 3.30 18.80 -8.70
 3.47 18.83 -9.00
 3.64 18.86 -9.32
 3.79 18.89 -9.64
 3.90 18.91 -9.96
 3.98 18.91 -10.30
 4.05 18.90 -10.64
 4.14 18.87 -10.98
 4.26 18.84 -11.33
 4.41 18.82 -11.68
 4.58 18.81 -12.04
 4.75 18.80 -12.40
 4.91 18.77 -12.78
 5.07 18.72 -13.16
 5.23 18.64 -13.53
 5.39 18.53 -13.89
 5.39 18.53 -13.89
 9.47 18.66 -25.38
 9.53 18.68 -25.77
 9.58 18.69 -26.13
 9.64 18.67 -26.45
 9.70 18.65 -26.72
 9.75 18.62 -26.95
 9.81 18.59 -27.17
 9.90 18.56 -27.40
 10.00 18.54 -27.67
 10.12 18.54 -27.98
 10.24 18.55 -28.31
 10.37 18.58 -28.67
 10.48 18.62 -29.01
 10.60 18.64 -29.32
 10.71 18.64 -29.59
 10.84 18.61 -29.82
 10.84 18.61 -29.82
 14.55 18.13 -35.91
 14.66 18.21 -36.07
 14.78 18.30 -36.25
 14.90 18.42 -36.46
 14.96 18.54 -36.71
 14.99 18.66 -36.99
 14.97 18.78 -37.29
 14.92 18.89 -37.56
 14.86 18.97 -37.80
 14.82 19.04 -37.99
 14.81 19.08 -38.15
 14.82 19.11 -38.28
 14.85 19.14 -38.39
 14.88 19.18 -38.51
 14.90 19.24 -38.64
 14.90 19.31 -38.81
 14.90 19.31 -38.81
 2.98 13.04 -38.14
 2.84 12.78 -37.95
 2.72 12.52 -37.75
 2.57 12.24 -37.55
 2.41 11.96 -37.34
 2.22 11.70 -37.14
 2.02 11.45 -36.94
 1.79 11.23 -36.73
 1.55 11.01 -36.51
 1.32 10.79 -36.24
 1.13 10.57 -35.92
 0.99 10.37 -35.57
 0.89 10.20 -35.18
 0.79 10.05 -34.79
 0.66 9.96 -34.40
 0.50 9.93 -34.04
 0.50 9.93 -34.04
 0.66 8.26 -24.36
 0.64 8.18 -24.24
 0.57 8.09 -24.14
 0.52 8.01 -24.05
 0.52 7.93 -23.97
 0.59 7.83 -23.89
 0.74 7.69 -23.80
 0.96 7.53 -23.73
 1.19 7.33 -23.66
 1.37 7.13 -23.61
 1.46 6.97 -23.60
 1.42 6.86 -23.61
 1.25 6.83 -23.63
 1.01 6.85 -23.63
 0.76 6.93 -23.63
 0.61 7.01 -23.61
 0.60 7.09 -23.58
 0.60 7.09 -23.58
 -6.65 11.21 -24.28
