 -9.84 -32.78 -11.73
 -9.84 -32.81 -11.71
 -9.83 -32.85 -11.69
 -9.83 -32.88 -11.66
 -9.82 -32.91 -11.63
 -9.81 -32.91 -11.61
 -9.80 -32.90 -11.61
 -9.80 -32.90 -11.61
 -9.84 -33.11 -11.67
 -9.85 -33.10 -11.67
 -9.88 -33.12 -11.66
 -9.94 -33.18 -11.65
 -10.05 -33.28 -11.63
 -10.21 -33.41 -11.60
 -10.48 -33.55 -11.51
 -10.84 -33.65 -11.32
 -11.23 -33.67 -11.00
 -11.62 -33.57 -10.47
 -11.97 -33.32 -9.72
 -12.12 -32.95 -8.82
 -12.00 -32.44 -7.85
 -11.69 -31.74 -6.83
 -11.35 -30.83 -5.75
 -11.35 -30.83 -5.75
 5.00 12.30 17.26
 4.84 12.25 17.32
 4.69 12.21 17.38
 4.55 12.18 17.41
 4.41 12.15 17.42
 4.25 12.12 17.39
 4.10 12.07 17.34
 3.97 12.02 17.26
 3.83 11.98 17.15
 3.72 11.94 17.02
 3.66 11.91 16.88
 3.65 11.88 16.72
 3.70 11.85 16.55
 3.72 11.80 16.33
 3.72 11.73 16.05
 3.74 11.64 15.71
 3.78 11.55 15.33
 3.78 11.55 15.33
 3.44 10.39 -37.69
 3.31 10.38 -38.10
 3.15 10.32 -38.43
 2.98 10.26 -38.68
 2.83 10.20 -38.87
 2.73 10.15 -39.02
 2.71 10.12 -39.14
 2.72 10.12 -39.23
 2.73 10.15 -39.30
 2.69 10.22 -39.33
 2.60 10.29 -39.34
 2.49 10.35 -39.30
 2.40 10.38 -39.21
 2.34 10.39 -39.09
 2.30 10.38 -38.97
 2.28 10.38 -38.85
 2.28 10.38 -38.85
 -4.41 -4.02 -32.31
 -5.33 -6.47 -30.70
 -6.37 -8.95 -29.03
 -7.45 -11.48 -27.31
 -8.44 -14.04 -25.56
 -9.26 -16.62 -23.80
 -9.93 -19.22 -22.03
 -10.50 -21.82 -20.22
 -10.50 -21.82 -20.22
 -6.97 -38.42 3.57
 -6.86 -38.34 3.57
 -6.78 -38.29 3.58
 -6.71 -38.25 3.61
 -6.65 -38.23 3.63
 -6.62 -38.21 3.64
 -6.62 -38.18 3.60
 -6.64 -38.14 3.53
 -6.66 -38.11 3.46
 -6.69 -38.10 3.42
 -6.71 -38.13 3.39
 -6.71 -38.18 3.36
 -6.71 -38.24 3.30
 -6.71 -38.31 3.21
 -6.70 -38.38 3.11
 -6.71 -38.45 3.04
 -6.71 -38.45 3.04
 -6.80 -39.11 2.33
 -6.79 -39.14 2.31
 -6.79 -39.19 2.29
 -6.80 -39.25 2.28
 -6.81 -39.32 2.28
 -6.84 -39.39 2.26
 -6.89 -39.45 2.25
 -6.94 -39.49 2.23
 -6.99 -39.53 2.22
 -7.03 -39.55 2.21
 -7.06 -39.57 2.19
 -7.08 -39.58 2.16
 -7.10 -39.59 2.12
 -7.11 -39.62 2.06
 -7.13 -39.66 2.01
 -7.15 -39.70 1.96
 -7.15 -39.70 1.96
 -7.26 -40.39 1.58
 -7.24 -40.39 1.57
 -7.23 -40.39 1.56
 -7.22 -40.39 1.56
 -7.21 -40.40 1.57
 -7.21 -40.41 1.57
 -7.20 -40.43 1.57
 -7.20 -40.46 1.57
 -7.21 -40.49 1.58
 -7.21 -40.52 1.59
 -7.20 -40.55 1.59
 -7.19 -40.58 1.57
 -7.19 -40.62 1.56
 -7.20 -40.65 1.55
 -7.21 -40.67 1.54
 -7.21 -40.70 1.52
 -7.22 -40.75 1.49
 -7.22 -40.75 1.49
 -7.25 -40.80 1.39
 -7.27 -40.82 1.39
 -7.30 -40.85 1.38
 -7.32 -40.88 1.38
 -7.35 -40.92 1.39
 -7.38 -40.95 1.42
 -7.40 -40.98 1.44
 -7.41 -41.01 1.47
 -7.41 -41.04 1.51
 -7.40 -41.07 1.53
 -7.39 -41.10 1.54
 -7.38 -41.11 1.53
 -7.37 -41.12 1.53
 -7.36 -41.12 1.53
 -7.36 -41.12 1.54
 -7.35 -41.13 1.56
 -7.35 -41.13 1.56
 -7.14 -41.36 1.72
 -7.15 -41.35 1.71
 -7.16 -41.34 1.70
 -7.17 -41.33 1.69
 -7.17 -41.34 1.68
 -7.18 -41.35 1.69
 -7.19 -41.36 1.70
 -7.21 -41.38 1.70
 -7.22 -41.41 1.70
 -7.24 -41.43 1.69
 -7.27 -41.44 1.69
 -7.29 -41.45 1.69
 -7.31 -41.47 1.70
