 0.01 -27.27 -7.73
 0.07 -27.30 -7.79
 0.16 -27.33 -7.86
 0.26 -27.36 -7.93
 0.30 -27.37 -7.98
 0.26 -27.33 -7.99
 0.26 -27.31 -7.99
 0.33 -27.33 -7.97
 0.44 -27.41 -7.96
 0.52 -27.52 -7.98
 0.56 -27.61 -8.05
 0.61 -27.70 -8.14
 0.72 -27.76 -8.22
 0.89 -27.79 -8.28
 1.09 -27.78 -8.32
 1.09 -27.78 -8.32
 0.11 -30.54 -7.84
 -0.04 -30.73 -7.90
 -0.23 -30.94 -7.97
 -0.44 -31.19 -8.06
 -0.63 -31.47 -8.16
 -0.79 -31.80 -8.27
 -0.92 -32.17 -8.37
 -1.04 -32.56 -8.47
 -1.15 -32.94 -8.55
 -1.28 -33.29 -8.60
 -1.42 -33.58 -8.60
 -1.59 -33.79 -8.52
 -1.80 -33.91 -8.33
 -2.07 -33.95 -8.00
 -2.46 -33.88 -7.47
 -3.03 -33.69 -6.65
 -3.03 -33.69 -6.65
 4.63 12.69 24.68
 4.69 12.64 24.64
 4.73 12.56 24.58
 4.77 12.47 24.53
 4.80 12.37 24.49
 4.87 12.26 24.46
 4.94 12.15 24.44
 4.99 12.04 24.42
 5.02 11.96 24.42
 5.05 11.91 24.42
 5.10 11.87 24.42
 5.17 11.84 24.41
 5.29 11.83 24.38
 5.43 11.80 24.32
 5.57 11.77 24.23
 5.71 11.74 24.10
 5.86 11.71 23.95
 5.86 11.71 23.95
 13.49 14.04 -20.29
 13.18 13.96 -21.06
 12.96 13.91 -21.79
 12.72 13.90 -22.52
 12.45 13.94 -23.19
 12.24 14.03 -23.76
 12.06 14.17 -24.27
 11.89 14.32 -24.75
 11.71 14.46 -25.20
 11.57 14.58 -25.60
 11.46 14.63 -25.96
 11.42 14.62 -26.28
 11.33 14.66 -26.65
 11.16 14.72 -27.02
 11.02 14.85 -27.33
 10.97 14.99 -27.55
 10.97 14.99 -27.55
 10.34 11.72 -26.59
 10.24 11.48 -26.32
 10.20 11.17 -25.96
 10.23 10.75 -25.47
 10.21 10.17 -24.88
 10.09 9.39 -24.18
 9.87 8.43 -23.35
 9.49 7.26 -22.41
 8.96 5.91 -21.36
 8.32 4.42 -20.18
 7.67 2.85 -18.85
 7.06 1.22 -17.38
 6.52 -0.41 -15.79
 5.98 -2.05 -14.13
 5.45 -3.67 -12.43
 4.92 -5.31 -10.71
 4.40 -6.97 -8.99
 4.40 -6.97 -8.99
 1.39 -44.62 17.92
 1.34 -44.65 17.91
 1.30 -44.65 17.89
 1.25 -44.64 17.87
 1.16 -44.63 17.83
 1.04 -44.62 17.76
 0.91 -44.60 17.68
 0.79 -44.55 17.60
 0.71 -44.47 17.52
 0.65 -44.36 17.45
 0.62 -44.23 17.42
 0.57 -44.09 17.41
 0.52 -43.98 17.39
 0.45 -43.91 17.37
 0.37 -43.87 17.34
 0.29 -43.85 17.31
 0.29 -43.85 17.31
 -0.78 -42.39 17.34
 -0.82 -42.34 17.33
 -0.87 -42.30 17.34
 -0.93 -42.27 17.35
 -1.00 -42.26 17.36
 -1.07 -42.28 17.36
 -1.13 -42.30 17.36
 -1.17 -42.33 17.37
 -1.18 -42.35 17.38
 -1.16 -42.34 17.39
 -1.12 -42.32 17.38
 -1.08 -42.29 17.37
 -1.05 -42.26 17.36
 -1.06 -42.25 17.36
 -1.08 -42.25 17.36
 -1.11 -42.26 17.35
 -1.11 -42.26 17.35
 -1.02 -41.77 17.22
 -1.00 -41.78 17.21
 -0.98 -41.79 17.20
 -0.97 -41.79 17.19
 -0.97 -41.77 17.19
 -0.98 -41.75 17.20
 -0.99 -41.71 17.21
 -1.00 -41.68 17.22
 -1.01 -41.66 17.24
 -1.02 -41.64 17.25
 -1.01 -41.63 17.25
 -1.00 -41.63 17.25
 -0.99 -41.64 17.25
 -0.98 -41.65 17.25
 -0.97 -41.66 17.24
 -0.95 -41.65 17.22
 -0.95 -41.65 17.22
 -1.33 -41.46 17.08
 -1.34 -41.46 17.10
 -1.36 -41.45 17.14
 -1.37 -41.45 17.18
 -1.38 -41.46 17.21
 -1.40 -41.46 17.24
 -1.41 -41.47 17.26
 -1.43 -41.48 17.29
 -1.45 -41.49 17.31
 -1.49 -41.49 17.33
 -1.53 -41.50 17.37
 -1.56 -41.50 17.41
 -1.58 -41.51 17.44
