 0.71 -1.36 -28.13
 0.61 -1.47 -28.10
 0.51 -1.57 -28.07
 0.37 -1.68 -28.05
 0.18 -1.82 -28.03
 -0.03 -1.99 -28.01
 -0.24 -2.16 -27.99
 -0.24 -2.16 -27.99
 -0.36 2.22 -25.32
 -0.43 2.24 -25.28
 -0.48 2.29 -25.23
 -0.54 2.37 -25.18
 -0.63 2.48 -25.11
 -0.74 2.59 -25.01
 -0.86 2.69 -24.89
 -1.00 2.77 -24.74
 -1.16 2.83 -24.56
 -1.32 2.87 -24.37
 -1.52 2.92 -24.16
 -1.69 2.99 -23.93
 -1.87 3.07 -23.69
 -2.05 3.18 -23.45
 -2.20 3.31 -23.20
 -2.33 3.46 -22.93
 -2.33 3.46 -22.93
 -4.06 10.89 -13.99
 -4.08 11.16 -13.72
 -4.07 11.41 -13.44
 -4.04 11.66 -13.14
 -4.05 11.90 -12.82
 -4.10 12.13 -12.50
 -4.20 12.36 -12.19
 -4.34 12.61 -11.88
 -4.50 12.88 -11.58
 -4.62 13.17 -11.27
 -4.66 13.45 -10.98
 -4.64 13.72 -10.69
 -4.58 13.96 -10.43
 -4.53 14.19 -10.16
 -4.51 14.42 -9.89
 -4.52 14.66 -9.60
 -4.52 14.66 -9.60
 -4.10 21.56 0.24
 -4.24 21.82 0.77
 -4.31 22.04 1.27
 -4.40 22.21 1.68
 -4.51 22.30 2.07
 -4.51 22.34 2.42
 -4.40 22.36 2.73
 -4.25 22.38 3.02
 -4.08 22.45 3.30
 -3.89 22.59 3.59
 -3.74 22.74 3.89
 -3.62 22.87 4.19
 -3.56 22.97 4.48
 -3.52 23.02 4.76
 -3.51 23.05 5.03
 -3.50 23.08 5.28
 -3.51 23.11 5.53
 -3.51 23.11 5.53
 -4.51 25.21 2.64
 -4.45 25.27 2.32
 -4.39 25.34 2.02
 -4.32 25.41 1.76
 -4.25 25.44 1.53
 -4.18 25.42 1.32
 -4.11 25.37 1.13
 -4.05 25.30 0.93
 -3.99 25.22 0.73
 -3.95 25.15 0.51
 -3.91 25.10 0.27
 -3.85 25.07 0.02
 -3.77 25.08 -0.25
 -3.67 25.12 -0.52
 -3.57 25.18 -0.80
 -3.48 25.24 -1.08
 -3.40 25.30 -1.34
 -3.40 25.30 -1.34
 -1.87 25.21 -12.88
 -1.79 25.22 -13.32
 -1.72 25.18 -13.76
 -1.67 25.10 -14.21
 -1.64 25.02 -14.64
 -1.62 24.96 -15.07
 -1.58 24.90 -15.50
 -1.55 24.87 -15.95
 -1.55 24.87 -15.95
 1.05 23.73 -22.60
 1.10 23.67 -22.96
 1.17 23.62 -23.31
 1.26 23.58 -23.65
 1.36 23.53 -23.97
 1.46 23.48 -24.29
 1.57 23.43 -24.59
 1.69 23.38 -24.91
 1.81 23.33 -25.24
 1.94 23.28 -25.59
 2.06 23.23 -25.95
 2.18 23.21 -26.33
 2.30 23.23 -26.69
 2.42 23.28 -27.04
 2.55 23.34 -27.36
 2.71 23.39 -27.66
 2.71 23.39 -27.66
 7.27 24.01 -37.17
 7.33 24.01 -37.37
 7.41 24.02 -37.58
 7.49 24.04 -37.76
 7.56 24.06 -37.94
 7.60 24.08 -38.09
 7.62 24.09 -38.22
 7.58 24.09 -38.33
 7.48 24.10 -38.41
 7.32 24.09 -38.49
 7.12 24.06 -38.56
 6.93 24.02 -38.62
 6.74 23.96 -38.67
 6.57 23.88 -38.72
 6.42 23.79 -38.76
 6.27 23.71 -38.77
 6.27 23.71 -38.77
 -1.67 15.04 -30.03
 -1.67 14.66 -29.72
 -1.68 14.29 -29.41
 -1.71 13.93 -29.11
 -1.74 13.59 -28.80
 -1.78 13.26 -28.50
 -1.81 12.94 -28.19
 -1.83 12.62 -27.88
 -1.85 12.31 -27.55
 -1.86 12.00 -27.22
 -1.87 11.69 -26.87
 -1.89 11.38 -26.53
 -1.90 11.07 -26.18
 -1.92 10.78 -25.83
 -1.92 10.51 -25.48
 -1.88 10.27 -25.14
 -1.88 10.27 -25.14
 1.05 6.05 -17.99
 1.03 5.95 -17.81
 1.01 5.85 -17.61
 0.99 5.78 -17.41
 1.00 5.72 -17.21
 1.03 5.69 -17.03
 1.08 5.67 -16.87
 1.13 5.66 -16.75
 1.19 5.65 -16.65
 1.24 5.64 -16.57
 1.29 5.64 -16.49
 1.33 5.63 -16.41
