 -10.28 -21.69 -1.29
 -10.31 -21.50 -1.30
 -10.35 -21.25 -1.30
 -10.30 -20.87 -1.33
 -10.26 -20.40 -1.33
 -10.17 -19.84 -1.34
 -10.00 -19.21 -1.35
 -9.75 -18.55 -1.31
 -9.45 -17.96 -1.19
 -9.10 -17.49 -1.03
 -8.69 -17.12 -0.86
 -8.27 -16.78 -0.68
 -7.81 -16.40 -0.49
 -7.25 -15.93 -0.35
 -7.25 -15.93 -0.35
 0.25 -15.74 -5.38
 0.27 -15.78 -5.46
 0.20 -15.74 -5.51
 0.09 -15.65 -5.55
 0.02 -15.58 -5.62
 0.01 -15.59 -5.71
 0.06 -15.71 -5.83
 0.12 -15.95 -5.96
 0.18 -16.28 -6.09
 0.22 -16.69 -6.23
 0.25 -17.13 -6.36
 0.24 -17.57 -6.48
 0.21 -18.01 -6.62
 0.14 -18.42 -6.79
 0.03 -18.83 -6.97
 -0.07 -19.23 -7.17
 -0.07 -19.23 -7.17
 -8.83 -37.82 -15.10
 -9.06 -37.90 -15.08
 -9.26 -37.91 -14.98
 -9.41 -37.83 -14.76
 -9.51 -37.60 -14.41
 -9.57 -37.17 -13.91
 -9.57 -36.52 -13.28
 -9.53 -35.64 -12.53
 -9.34 -34.54 -11.71
 -8.96 -33.21 -10.81
 -8.43 -31.72 -9.78
 -7.83 -30.18 -8.56
 -7.20 -28.60 -7.13
 -6.44 -26.95 -5.50
 -5.51 -25.17 -3.70
 -5.51 -25.17 -3.70
 -2.36 6.29 34.43
 -2.37 6.34 34.43
 -2.42 6.38 34.44
 -2.53 6.43 34.43
 -2.70 6.49 34.42
 -2.85 6.59 34.41
 -2.96 6.73 34.40
 -3.00 6.89 34.38
 -3.02 7.04 34.33
 -3.04 7.16 34.25
 -3.07 7.28 34.12
 -3.11 7.40 33.96
 -3.15 7.53 33.79
 -3.14 7.69 33.60
 -3.06 7.86 33.38
 -2.95 8.04 33.10
 -2.89 8.22 32.75
 -2.89 8.22 32.75
 8.54 29.02 -25.85
 8.45 29.36 -26.27
 8.45 29.62 -26.54
 8.55 29.79 -26.69
 8.61 29.82 -26.80
 8.58 29.71 -26.94
 8.47 29.49 -27.10
 8.39 29.16 -27.23
 8.40 28.78 -27.35
 8.43 28.39 -27.49
 8.49 28.06 -27.67
 8.57 27.81 -27.94
 8.66 27.62 -28.28
 8.76 27.44 -28.67
 8.88 27.25 -29.10
 8.99 27.05 -29.55
 8.99 27.05 -29.55
 -1.94 1.32 -27.21
 -3.97 -1.14 -24.36
 -5.75 -3.40 -21.58
 -7.29 -5.47 -18.89
 -8.50 -7.35 -16.42
 -9.41 -9.06 -14.29
 -10.13 -10.66 -12.51
 -10.75 -12.17 -11.09
 -11.29 -13.59 -10.08
 -11.82 -14.91 -9.44
 -12.44 -16.11 -9.03
 -13.20 -17.18 -8.73
 -14.02 -18.13 -8.43
 -14.78 -18.95 -8.09
 -15.31 -19.60 -7.71
 -15.31 -19.60 -7.71
 -14.34 -21.51 -6.02
 -14.35 -21.51 -5.97
 -14.35 -21.51 -5.93
 -14.38 -21.51 -5.90
 -14.42 -21.51 -5.89
 -14.47 -21.53 -5.88
 -14.52 -21.58 -5.87
 -14.54 -21.65 -5.84
 -14.51 -21.76 -5.81
 -14.44 -21.87 -5.78
 -14.36 -21.97 -5.77
 -14.28 -22.06 -5.75
 -14.24 -22.13 -5.72
 -14.23 -22.18 -5.70
 -14.24 -22.22 -5.68
 -14.24 -22.22 -5.68
 -14.21 -23.18 -4.91
 -14.20 -23.20 -4.90
 -14.20 -23.23 -4.90
 -14.22 -23.29 -4.90
 -14.25 -23.36 -4.89
 -14.27 -23.45 -4.88
 -14.27 -23.55 -4.87
 -14.26 -23.65 -4.85
 -14.24 -23.74 -4.83
 -14.22 -23.82 -4.81
 -14.20 -23.89 -4.79
 -14.18 -23.95 -4.78
 -14.14 -23.99 -4.77
 -14.10 -24.05 -4.77
 -14.07 -24.11 -4.77
 -14.07 -24.11 -4.77
 -14.66 -25.72 -4.30
 -14.63 -25.76 -4.29
 -14.59 -25.81 -4.27
 -14.58 -25.86 -4.26
 -14.58 -25.90 -4.23
 -14.60 -25.96 -4.19
 -14.61 -26.01 -4.16
 -14.62 -26.06 -4.13
 -14.63 -26.11 -4.12
 -14.63 -26.16 -4.11
 -14.63 -26.21 -4.11
 -14.63 -26.26 -4.10
 -14.63 -26.29 -4.10
 -14.63 -26.31 -4.12
 -14.64 -26.32 -4.14
 -14.64 -26.32 -4.14
 -14.63 -27.31 -4.30
 -14.61 -27.36 -4.26
 -14.57 -27.42 -4.22
