 1.36 9.12 -15.98
 1.12 9.37 -15.98
 1.08 9.49 -16.03
 1.15 9.48 -16.13
 1.51 9.42 -16.19
 2.02 9.49 -16.19
 2.04 9.53 -16.25
 1.96 9.48 -16.25
 2.00 9.39 -16.18
 2.02 9.33 -16.06
 2.03 9.34 -15.92
 1.94 9.38 -15.78
 1.76 9.42 -15.64
 1.54 9.44 -15.45
 1.54 9.44 -15.45
 -0.01 10.24 -10.23
 -0.16 10.39 -9.97
 -0.29 10.56 -9.73
 -0.40 10.76 -9.51
 -0.47 10.97 -9.29
 -0.50 11.18 -9.08
 -0.52 11.38 -8.86
 -0.57 11.58 -8.65
 -0.65 11.76 -8.42
 -0.75 11.93 -8.19
 -0.85 12.09 -7.95
 -0.91 12.22 -7.72
 -0.89 12.29 -7.48
 -0.84 12.32 -7.24
 -0.83 12.32 -6.99
 -0.91 12.33 -6.71
 -1.09 12.34 -6.42
 -1.09 12.34 -6.42
 -4.38 17.64 -0.23
 -4.19 17.53 -0.15
 -3.99 17.44 -0.07
 -3.80 17.36 0.00
 -3.62 17.28 0.08
 -3.48 17.22 0.16
 -3.39 17.17 0.24
 -3.34 17.11 0.33
 -3.27 17.05 0.45
 -3.18 17.00 0.58
 -3.07 16.96 0.74
 -2.97 16.94 0.92
 -2.88 16.95 1.10
 -2.82 16.97 1.29
 -2.79 17.03 1.47
 -2.84 17.14 1.64
 -2.96 17.30 1.80
 -2.96 17.30 1.80
 -1.83 20.30 7.19
 -1.73 20.26 7.12
 -1.60 20.24 7.06
 -1.45 20.24 6.98
 -1.29 20.25 6.89
 -1.18 20.27 6.77
 -1.12 20.30 6.64
 -1.11 20.33 6.49
 -1.15 20.35 6.33
 -1.15 20.35 6.33
 0.80 21.79 2.60
 0.94 21.87 2.36
 1.06 21.95 2.12
 1.17 22.04 1.88
 1.27 22.12 1.63
 1.38 22.21 1.38
 1.49 22.31 1.11
 1.60 22.41 0.82
 1.73 22.51 0.51
 1.88 22.61 0.18
 2.04 22.70 -0.14
 2.20 22.78 -0.45
 2.37 22.85 -0.75
 2.53 22.90 -1.05
 2.66 22.93 -1.36
 2.76 22.94 -1.67
 2.82 22.93 -1.99
 2.88 22.94 -2.33
 2.88 22.94 -2.33
 4.30 22.87 -13.41
 4.36 22.78 -13.61
 4.37 22.69 -13.83
 4.35 22.61 -14.08
 4.30 22.54 -14.34
 4.23 22.48 -14.62
 4.19 22.40 -14.89
 4.21 22.30 -15.14
 4.29 22.17 -15.38
 4.41 22.02 -15.60
 4.52 21.87 -15.82
 4.59 21.76 -16.05
 4.61 21.70 -16.30
 4.59 21.71 -16.56
 4.55 21.77 -16.82
 4.51 21.87 -17.07
 4.51 21.87 -17.07
 5.25 21.89 -24.13
 5.29 21.96 -24.29
 5.35 22.01 -24.44
 5.45 22.06 -24.57
 5.57 22.11 -24.70
 5.70 22.15 -24.84
 5.81 22.19 -25.00
 5.88 22.22 -25.16
 5.88 22.22 -25.16
 7.84 23.39 -26.62
 7.83 23.42 -26.69
 7.84 23.44 -26.74
 7.86 23.43 -26.79
 7.87 23.42 -26.83
 7.86 23.41 -26.86
 7.83 23.41 -26.88
 7.79 23.41 -26.89
 7.73 23.40 -26.90
 7.67 23.38 -26.91
 7.62 23.35 -26.90
 7.56 23.30 -26.88
 7.50 23.25 -26.85
 7.41 23.21 -26.82
 7.30 23.18 -26.78
 7.17 23.16 -26.74
 7.17 23.16 -26.74
 4.34 18.06 -22.15
 4.27 17.78 -21.92
 4.23 17.51 -21.68
 4.21 17.23 -21.44
 4.23 16.95 -21.20
 4.29 16.66 -20.95
 4.36 16.36 -20.70
 4.41 16.06 -20.45
 4.43 15.77 -20.20
 4.47 15.49 -19.95
 4.53 15.19 -19.69
 4.60 14.89 -19.43
 4.70 14.59 -19.17
 4.79 14.30 -18.92
 4.89 14.04 -18.67
 4.95 13.80 -18.42
 4.95 13.80 -18.42
 7.26 7.48 -10.85
 7.31 7.32 -10.71
 7.39 7.16 -10.59
 7.51 7.00 -10.49
 7.65 6.84 -10.40
 7.78 6.68 -10.31
 7.90 6.54 -10.21
 7.99 6.41 -10.09
 8.06 6.31 -9.95
 8.15 6.23 -9.80
