 -8.28 1.01 -13.24
 -8.26 0.91 -13.04
 -8.21 0.82 -12.82
 -8.35 0.77 -12.63
 -8.59 0.75 -12.53
 -9.27 0.62 -12.56
 -10.25 0.36 -12.58
 -10.28 0.38 -12.57
 -9.70 0.47 -12.54
 -9.60 0.46 -12.54
 -9.78 0.40 -12.55
 -9.82 0.37 -12.55
 -9.39 0.43 -12.52
 -8.78 0.51 -12.50
 -8.53 0.52 -12.50
 -8.66 0.47 -12.51
 -8.66 0.47 -12.51
 -8.21 -1.16 -12.36
 -7.91 -1.26 -12.24
 -7.82 -1.29 -12.29
 -7.86 -1.25 -12.39
 -7.85 -1.21 -12.49
 -7.84 -1.20 -12.58
 -7.85 -1.20 -12.64
 -7.84 -1.20 -12.69
 -7.83 -1.20 -12.76
 -7.82 -1.19 -12.86
 -7.79 -1.16 -13.00
 -7.75 -1.11 -13.21
 -7.72 -1.04 -13.49
 -7.70 -0.95 -13.83
 -7.70 -0.84 -14.19
 -7.69 -0.74 -14.56
 -7.69 -0.74 -14.56
 16.20 3.86 -21.28
 18.56 3.62 -21.29
 20.52 3.46 -21.19
 21.43 3.56 -20.90
 21.45 3.78 -20.52
 21.26 4.01 -20.12
 21.26 4.18 -19.73
 21.43 4.23 -19.44
 21.59 4.06 -19.32
 21.62 3.66 -19.42
 21.49 3.02 -19.74
 21.26 2.15 -20.28
 20.93 1.03 -21.00
 20.40 -0.33 -21.84
 19.48 -1.79 -22.57
 18.72 -3.37 -23.17
 18.72 -3.37 -23.17
 -4.56 -10.51 -25.35
 -2.49 -7.32 -23.76
 0.53 -4.33 -21.62
 3.70 -1.69 -19.05
 5.96 0.61 -16.16
 7.05 2.61 -13.15
 7.35 4.35 -10.24
 7.49 5.90 -7.62
 7.88 7.17 -5.42
 8.32 8.09 -3.76
 8.48 8.62 -2.70
 8.27 8.80 -2.16
 7.78 8.76 -2.07
 7.13 8.54 -2.34
 6.51 8.19 -2.87
 6.00 7.83 -3.60
 5.66 7.49 -4.43
 5.66 7.49 -4.43
 17.31 11.49 -33.33
 17.11 11.29 -33.17
 16.95 11.14 -33.00
 16.84 11.05 -32.85
 16.81 11.00 -32.72
 16.82 10.99 -32.64
 16.84 11.05 -32.60
 16.88 11.13 -32.59
 16.98 11.17 -32.61
 17.12 11.14 -32.63
 17.29 11.00 -32.64
 17.51 10.77 -32.62
 17.77 10.43 -32.54
 18.02 9.90 -32.40
 18.11 9.09 -32.23
 17.99 7.92 -32.03
 17.99 7.92 -32.03
 -0.22 -22.34 -10.48
 -0.19 -22.24 -10.55
 -0.18 -22.15 -10.65
 -0.26 -22.09 -10.71
 -0.45 -22.06 -10.72
 -0.70 -22.08 -10.68
 -0.97 -22.12 -10.63
 -1.24 -22.17 -10.56
 -1.49 -22.22 -10.47
 -1.71 -22.26 -10.38
 -1.88 -22.27 -10.30
 -1.97 -22.23 -10.25
 -2.02 -22.14 -10.22
 -2.03 -22.00 -10.18
 -2.04 -21.85 -10.12
 -2.04 -21.85 -10.12
 -5.62 -21.01 -9.36
 -5.64 -20.95 -9.38
 -5.64 -20.89 -9.41
 -5.63 -20.83 -9.43
 -5.61 -20.76 -9.44
 -5.60 -20.68 -9.46
 -5.60 -20.60 -9.47
 -5.63 -20.52 -9.49
 -5.68 -20.45 -9.49
 -5.73 -20.39 -9.49
 -5.78 -20.34 -9.49
 -5.85 -20.30 -9.48
 -5.94 -20.27 -9.48
 -6.06 -20.24 -9.47
 -6.17 -20.21 -9.46
 -6.17 -20.21 -9.46
 -8.91 -19.97 -9.61
 -9.05 -19.95 -9.60
 -9.21 -19.91 -9.57
 -9.38 -19.85 -9.51
 -9.55 -19.78 -9.45
 -9.70 -19.70 -9.40
 -9.79 -19.62 -9.36
 -9.81 -19.53 -9.34
 -9.79 -19.44 -9.33
 -9.73 -19.34 -9.32
 -9.69 -19.23 -9.30
 -9.69 -19.11 -9.27
 -9.70 -18.99 -9.24
 -9.70 -18.85 -9.22
 -9.60 -18.65 -9.22
 -9.32 -18.35 -9.29
 -9.32 -18.35 -9.29
 -9.26 -16.73 -8.81
 -9.28 -16.67 -8.83
 -9.30 -16.62 -8.85
 -9.31 -16.58 -8.86
 -9.34 -16.57 -8.85
 -9.38 -16.56 -8.84
 -9.41 -16.56 -8.83
 -9.43 -16.57 -8.82
 -9.48 -16.57 -8.83
 -9.54 -16.57 -8.85
 -9.60 -16.57 -8.87
 -9.65 -16.57 -8.90
 -9.70 -16.57 -8.93
 -9.73 -16.59 -8.95
 -9.76 -16.62 -8.96
