 -8.80 -16.85 -4.32
 -8.79 -16.83 -4.31
 -8.79 -16.81 -4.30
 -8.79 -16.79 -4.28
 -8.79 -16.78 -4.26
 -8.78 -16.77 -4.24
 -8.78 -16.77 -4.22
 -8.76 -16.78 -4.21
 -8.75 -16.79 -4.21
 -8.73 -16.79 -4.22
 -8.71 -16.79 -4.23
 -8.71 -16.78 -4.25
 -8.72 -16.77 -4.26
 -8.74 -16.75 -4.26
 -8.76 -16.74 -4.27
 -8.76 -16.74 -4.27
 -8.79 -16.46 -3.95
 -8.79 -16.47 -3.99
 -8.80 -16.47 -4.04
 -8.78 -16.48 -4.09
 -8.76 -16.48 -4.14
 -8.72 -16.49 -4.20
 -8.68 -16.49 -4.25
 -8.61 -16.48 -4.31
 -8.52 -16.47 -4.36
 -8.41 -16.45 -4.41
 -8.30 -16.45 -4.44
 -8.21 -16.46 -4.47
 -8.15 -16.47 -4.51
 -8.13 -16.49 -4.56
 -8.15 -16.52 -4.60
 -8.21 -16.56 -4.63
 -8.21 -16.56 -4.63
 -9.59 -12.85 -5.91
 -7.88 -11.23 -5.19
 -6.63 -9.77 -4.34
 -5.76 -8.47 -3.42
 -5.09 -7.27 -2.49
 -4.48 -6.12 -1.59
 -3.74 -4.99 -0.76
 -2.82 -3.81 0.02
 -1.81 -2.58 0.79
 -0.82 -1.34 1.60
 0.02 -0.12 2.49
 0.68 1.07 3.47
 1.19 2.19 4.53
 1.58 3.23 5.64
 1.86 4.23 6.80
 2.45 5.14 8.01
 3.42 5.85 9.20
 3.42 5.85 9.20
 6.30 7.85 4.84
 6.01 8.39 4.80
 5.77 8.87 4.69
 5.63 9.32 4.50
 5.63 9.74 4.19
 5.75 10.14 3.75
 5.95 10.55 3.18
 6.12 10.97 2.48
 6.19 11.39 1.64
 6.16 11.77 0.68
 6.09 12.12 -0.39
 5.99 12.43 -1.54
 5.83 12.71 -2.75
 5.65 12.97 -4.00
 5.47 13.19 -5.27
 5.38 13.38 -6.49
 5.38 13.56 -7.66
 5.40 13.75 -8.77
 5.40 13.75 -8.77
 2.44 21.43 -16.74
 2.63 21.56 -16.64
 2.82 21.70 -16.49
 2.99 21.84 -16.32
 3.12 21.95 -16.14
 3.23 22.01 -15.97
 3.28 22.01 -15.85
 3.28 21.95 -15.79
 3.27 21.83 -15.78
 3.26 21.67 -15.83
 3.25 21.50 -15.93
 3.22 21.29 -16.09
 3.20 21.05 -16.29
 3.17 20.78 -16.50
 3.14 20.48 -16.72
 3.14 20.16 -16.94
 3.14 20.16 -16.94
 -17.63 -24.57 -13.45
 -17.75 -24.00 -13.30
 -17.65 -23.37 -13.24
 -17.44 -22.71 -13.24
 -17.14 -22.05 -13.29
 -16.79 -21.41 -13.42
 -16.40 -20.80 -13.59
 -16.40 -20.80 -13.59
 -15.32 -19.91 -13.67
 -15.45 -20.08 -13.57
 -15.59 -20.23 -13.44
 -15.73 -20.36 -13.27
 -15.85 -20.46 -13.09
 -15.93 -20.55 -12.92
 -15.98 -20.61 -12.75
 -15.99 -20.66 -12.61
 -15.98 -20.67 -12.51
 -15.94 -20.67 -12.45
 -15.90 -20.64 -12.43
 -15.84 -20.58 -12.44
 -15.77 -20.51 -12.47
 -15.70 -20.41 -12.50
 -15.70 -20.41 -12.50
 -15.71 -21.16 -13.62
 -15.66 -21.15 -13.67
 -15.61 -21.11 -13.69
 -15.53 -21.03 -13.71
 -15.44 -20.91 -13.71
 -15.37 -20.77 -13.71
 -15.33 -20.65 -13.68
 -15.31 -20.57 -13.63
 -15.31 -20.53 -13.55
 -15.33 -20.54 -13.46
 -15.35 -20.60 -13.35
 -15.37 -20.69 -13.26
 -15.38 -20.79 -13.19
 -15.39 -20.89 -13.14
 -15.39 -20.89 -13.14
 -14.30 -20.84 -11.68
 -14.28 -20.85 -11.67
 -14.27 -20.86 -11.67
 -14.25 -20.86 -11.66
 -14.24 -20.87 -11.64
 -14.25 -20.88 -11.60
 -14.27 -20.88 -11.56
 -14.28 -20.88 -11.52
 -14.28 -20.88 -11.49
 -14.27 -20.89 -11.46
 -14.26 -20.90 -11.44
 -14.23 -20.91 -11.42
 -14.18 -20.92 -11.39
 -14.12 -20.92 -11.37
 -14.12 -20.92 -11.37
 -13.96 -20.88 -10.93
 -13.96 -20.93 -10.92
 -13.98 -20.97 -10.92
 -14.02 -20.98 -10.92
 -14.05 -20.97 -10.93
 -14.07 -20.95 -10.94
 -14.08 -20.94 -10.95
 -14.09 -20.92 -10.95
 -14.08 -20.92 -10.95
 -14.07 -20.93 -10.95
