 2.30 -4.90 -3.92
 2.31 -4.85 -3.80
 2.29 -4.82 -3.70
 2.26 -4.82 -3.60
 2.24 -4.83 -3.52
 2.24 -4.84 -3.45
 2.23 -4.84 -3.39
 2.22 -4.84 -3.33
 2.21 -4.83 -3.28
 2.19 -4.82 -3.22
 2.16 -4.84 -3.17
 2.08 -4.88 -3.13
 1.96 -4.94 -3.10
 1.81 -4.99 -3.07
 1.68 -5.04 -3.05
 1.58 -5.07 -3.05
 1.51 -5.11 -3.06
 1.51 -5.11 -3.06
 0.17 -7.90 -5.91
 -0.01 -8.16 -6.03
 -0.18 -8.42 -6.14
 -0.37 -8.69 -6.25
 -0.57 -8.94 -6.35
 -0.78 -9.19 -6.44
 -1.00 -9.43 -6.52
 -1.22 -9.68 -6.58
 -1.43 -9.90 -6.63
 -1.63 -10.12 -6.68
 -1.78 -10.32 -6.74
 -1.92 -10.53 -6.79
 -2.08 -10.77 -6.83
 -2.25 -11.05 -6.86
 -2.43 -11.38 -6.88
 -2.61 -11.74 -6.89
 -2.61 -11.74 -6.89
 9.97 20.87 24.09
 9.68 21.04 24.44
 9.45 21.18 24.63
 9.28 21.28 24.66
 9.11 21.33 24.56
 8.92 21.36 24.34
 8.71 21.35 24.04
 8.47 21.34 23.70
 8.19 21.38 23.37
 7.92 21.48 23.10
 7.76 21.64 22.95
 7.74 21.85 22.93
 7.76 22.05 22.97
 7.50 22.07 22.99
 7.38 22.02 23.07
 7.58 22.05 23.12
 7.78 22.15 23.05
 7.78 22.15 23.05
 14.17 27.34 -13.99
 13.91 27.22 -14.18
 13.71 27.13 -14.36
 13.53 27.10 -14.50
 13.40 27.10 -14.59
 13.32 27.14 -14.65
 13.29 27.18 -14.67
 13.30 27.20 -14.67
 13.32 27.21 -14.65
 13.34 27.24 -14.60
 13.36 27.25 -14.55
 13.37 27.25 -14.51
 13.37 27.22 -14.48
 13.38 27.17 -14.46
 13.41 27.12 -14.44
 13.42 27.08 -14.44
 13.42 27.08 -14.44
 5.97 10.89 -3.26
 6.38 10.81 -1.69
 7.13 10.75 -0.48
 7.95 10.70 0.32
 8.50 10.58 0.69
 8.65 10.41 0.75
 8.52 10.20 0.63
 8.29 9.98 0.46
 8.11 9.77 0.30
 8.11 9.55 0.16
 8.25 9.34 0.05
 8.42 9.16 -0.05
 8.57 8.99 -0.15
 8.67 8.81 -0.24
 8.70 8.63 -0.32
 8.66 8.46 -0.37
 8.62 8.32 -0.40
 8.61 8.23 -0.41
 8.61 8.23 -0.41
 6.91 7.74 -1.28
 6.86 7.68 -1.33
 6.78 7.60 -1.37
 6.65 7.52 -1.40
 6.48 7.45 -1.41
 6.28 7.40 -1.39
 6.09 7.39 -1.34
 5.96 7.42 -1.26
 5.89 7.49 -1.14
 5.85 7.58 -1.00
 5.84 7.68 -0.87
 5.85 7.77 -0.76
 5.85 7.85 -0.68
 5.84 7.92 -0.64
 5.82 7.96 -0.62
 5.81 7.97 -0.63
 5.82 7.95 -0.67
 5.85 7.92 -0.72
 5.85 7.92 -0.72
 4.51 7.48 -0.39
 4.47 7.50 -0.37
 4.45 7.52 -0.36
 4.43 7.52 -0.36
 4.38 7.52 -0.37
 4.31 7.50 -0.39
 4.22 7.49 -0.41
 4.13 7.48 -0.42
 4.03 7.47 -0.41
 3.93 7.47 -0.39
 3.83 7.48 -0.36
 3.74 7.48 -0.33
 3.67 7.49 -0.31
 3.62 7.50 -0.29
 3.59 7.52 -0.28
 3.56 7.55 -0.27
 3.51 7.58 -0.26
 3.43 7.60 -0.26
 3.43 7.60 -0.26
 1.48 7.14 -0.65
 1.43 7.12 -0.65
 1.40 7.11 -0.65
 1.38 7.10 -0.63
 1.37 7.09 -0.62
 1.37 7.08 -0.59
 1.39 7.08 -0.57
 1.39 7.07 -0.55
 1.38 7.07 -0.55
 1.35 7.06 -0.55
 1.30 7.05 -0.57
 1.26 7.03 -0.58
 1.22 7.02 -0.60
 1.20 7.01 -0.62
 1.18 7.01 -0.64
 1.17 7.00 -0.64
 1.16 7.00 -0.63
 1.15 6.98 -0.61
 1.15 6.98 -0.61
 1.00 6.89 -0.08
 0.95 6.87 -0.07
 0.92 6.86 -0.05
 0.91 6.85 -0.03
