 4.21 8.80 2.89
 4.26 8.75 2.88
 4.32 8.69 2.87
 4.41 8.59 2.88
 4.52 8.44 2.92
 4.62 8.23 2.99
 4.70 8.00 3.09
 4.75 7.76 3.20
 4.79 7.54 3.31
 4.79 7.33 3.40
 4.78 7.15 3.47
 4.77 7.01 3.51
 4.76 6.92 3.54
 4.77 6.87 3.55
 4.78 6.88 3.54
 4.79 6.92 3.50
 4.79 6.99 3.45
 4.77 7.08 3.39
 4.77 7.08 3.39
 5.98 5.01 2.82
 6.07 4.58 2.69
 6.01 4.28 2.63
 5.81 4.12 2.66
 5.47 4.09 2.79
 5.09 4.19 3.07
 4.76 4.40 3.46
 4.45 4.76 3.95
 4.16 5.34 4.50
 3.90 6.14 5.07
 3.75 7.16 5.66
 3.64 8.40 6.30
 3.49 9.79 6.96
 3.39 11.21 7.65
 3.36 12.62 8.43
 3.35 14.06 9.34
 3.32 15.52 10.35
 3.31 16.91 11.45
 3.27 18.20 12.56
 3.27 18.20 12.56
 -7.51 28.32 41.82
 -7.50 28.36 41.66
 -7.47 28.40 41.50
 -7.44 28.42 41.31
 -7.41 28.44 41.11
 -7.39 28.46 40.90
 -7.34 28.48 40.69
 -7.27 28.47 40.49
 -7.20 28.42 40.29
 -7.16 28.34 40.08
 -7.14 28.23 39.87
 -7.11 28.12 39.66
 -7.03 28.04 39.43
 -6.95 27.98 39.15
 -6.86 27.96 38.78
 -6.75 27.97 38.31
 -6.75 27.97 38.31
 13.17 39.18 -4.37
 13.46 39.15 -5.33
 13.73 39.10 -6.32
 13.98 38.99 -7.28
 14.18 38.82 -8.19
 14.34 38.65 -9.04
 14.43 38.54 -9.82
 14.50 38.46 -10.45
 14.57 38.40 -10.96
 14.59 38.32 -11.37
 14.55 38.21 -11.72
 14.45 38.07 -12.04
 14.30 37.93 -12.30
 14.13 37.80 -12.51
 13.95 37.69 -12.68
 13.80 37.60 -12.84
 13.80 37.60 -12.84
 12.89 33.64 -10.44
 12.25 32.61 -9.65
 11.29 31.41 -8.83
 10.09 29.99 -7.95
 8.88 28.42 -6.96
 7.81 26.82 -5.85
 6.91 25.25 -4.69
 6.21 23.72 -3.55
 5.70 22.25 -2.46
 5.28 20.81 -1.40
 4.81 19.38 -0.34
 4.26 17.93 0.74
 3.64 16.45 1.80
 2.95 15.01 2.78
 2.24 13.72 3.66
 1.57 12.60 4.41
 1.06 11.67 5.08
 1.06 11.67 5.08
 1.09 2.00 11.71
 1.13 1.97 11.70
 1.14 1.95 11.68
 1.14 1.93 11.65
 1.13 1.92 11.60
 1.13 1.92 11.55
 1.14 1.95 11.51
 1.17 1.97 11.48
 1.22 1.99 11.46
 1.28 2.00 11.43
 1.32 2.00 11.38
 1.35 1.99 11.29
 1.38 1.96 11.19
 1.42 1.95 11.08
 1.46 1.94 10.99
 1.48 1.94 10.92
 1.48 1.95 10.88
 1.44 1.95 10.87
 1.44 1.95 10.87
 1.65 1.46 10.99
 1.66 1.46 10.98
 1.68 1.46 10.98
 1.70 1.45 10.99
 1.72 1.43 10.98
 1.73 1.42 10.98
 1.72 1.42 10.97
 1.70 1.44 10.95
 1.68 1.46 10.94
 1.65 1.50 10.94
 1.64 1.53 10.95
 1.64 1.56 10.97
 1.64 1.58 11.00
 1.64 1.60 11.02
 1.66 1.63 11.04
 1.68 1.66 11.05
 1.70 1.70 11.03
 1.70 1.71 11.00
 1.70 1.71 11.00
 1.40 1.41 10.37
 1.43 1.39 10.39
 1.45 1.36 10.40
 1.48 1.34 10.41
 1.49 1.32 10.42
 1.48 1.29 10.46
 1.48 1.28 10.50
 1.49 1.27 10.54
 1.51 1.29 10.59
 1.54 1.31 10.61
 1.55 1.32 10.61
 1.55 1.32 10.60
 1.55 1.31 10.58
 1.55 1.30 10.56
 1.57 1.29 10.56
 1.59 1.27 10.55
 1.60 1.24 10.55
 1.60 1.21 10.55
 1.60 1.21 10.55
 1.74 0.38 10.57
 1.76 0.38 10.59
