 0.19 3.99 -19.98
 0.11 4.09 -19.96
 0.04 4.20 -19.93
 -0.01 4.30 -19.91
 0.00 4.38 -19.87
 0.00 4.38 -19.87
 1.08 4.09 -19.40
 0.99 4.18 -19.26
 0.93 4.24 -19.13
 0.92 4.27 -19.04
 0.95 4.27 -18.98
 0.98 4.26 -18.94
 0.96 4.23 -18.92
 0.92 4.22 -18.89
 0.87 4.23 -18.86
 0.82 4.26 -18.83
 0.77 4.32 -18.80
 0.70 4.40 -18.76
 0.59 4.50 -18.68
 0.45 4.61 -18.58
 0.29 4.74 -18.43
 0.11 4.88 -18.26
 -0.08 5.03 -18.08
 -0.08 5.03 -18.08
 -3.86 10.48 -12.22
 -3.97 10.67 -11.98
 -4.05 10.84 -11.71
 -4.12 11.00 -11.44
 -4.21 11.15 -11.17
 -4.32 11.27 -10.90
 -4.47 11.39 -10.64
 -4.60 11.51 -10.41
 -4.74 11.65 -10.19
 -4.86 11.82 -10.00
 -4.95 12.02 -9.82
 -5.01 12.24 -9.65
 -5.01 12.47 -9.46
 -5.02 12.71 -9.26
 -5.10 12.92 -9.06
 -5.26 13.11 -8.84
 -5.26 13.11 -8.84
 -7.53 14.34 -5.38
 -7.50 14.35 -5.32
 -7.52 14.40 -5.29
 -7.59 14.48 -5.26
 -7.64 14.54 -5.19
 -7.64 14.57 -5.09
 -7.59 14.53 -4.95
 -7.50 14.42 -4.80
 -7.38 14.27 -4.66
 -7.20 14.07 -4.53
 -6.97 13.86 -4.42
 -6.71 13.63 -4.34
 -6.44 13.38 -4.28
 -6.19 13.12 -4.23
 -5.97 12.83 -4.20
 -5.82 12.55 -4.17
 -5.82 12.55 -4.17
 -3.13 7.96 -4.89
 -3.29 8.12 -4.82
 -3.38 8.24 -4.74
 -3.43 8.30 -4.63
 -3.43 8.32 -4.51
 -3.33 8.30 -4.38
 -3.15 8.26 -4.27
 -2.95 8.23 -4.20
 -2.78 8.22 -4.17
 -2.62 8.24 -4.19
 -2.45 8.28 -4.26
 -2.30 8.34 -4.39
 -2.22 8.43 -4.56
 -2.23 8.54 -4.75
 -2.32 8.68 -4.93
 -2.45 8.84 -5.09
 -2.54 9.02 -5.23
 -2.54 9.02 -5.23
 -1.73 11.51 -11.15
 -1.73 11.65 -11.34
 -1.60 11.77 -11.54
 -1.43 11.87 -11.73
 -1.27 11.96 -11.87
 -1.21 12.05 -11.97
 -1.28 12.14 -12.07
 -1.49 12.25 -12.22
 -1.79 12.37 -12.45
 -2.11 12.52 -12.76
 -2.38 12.70 -13.14
 -2.55 12.89 -13.54
 -2.63 13.08 -13.91
 -2.65 13.24 -14.22
 -2.63 13.37 -14.44
 -2.59 13.46 -14.58
 -2.59 13.46 -14.58
 -0.99 11.23 -24.84
 -0.93 11.20 -24.73
 -0.91 11.20 -24.60
 -0.90 11.21 -24.50
 -0.90 11.21 -24.47
 -0.88 11.20 -24.54
 -0.83 11.18 -24.68
 -0.73 11.15 -24.85
 -0.59 11.09 -24.98
 -0.43 11.02 -25.04
 -0.27 10.91 -25.04
 -0.13 10.79 -24.99
 -0.03 10.65 -24.94
 0.03 10.51 -24.92
 0.05 10.38 -24.95
 0.05 10.25 -25.02
 0.05 10.25 -25.02
 -1.48 12.97 -31.12
 -1.84 13.00 -31.11
 -2.21 13.03 -31.11
 -2.57 13.06 -31.12
 -2.96 13.11 -31.13
 -3.38 13.17 -31.14
 -3.78 13.22 -31.13
 -4.14 13.24 -31.11
 -4.49 13.24 -31.06
 -4.86 13.24 -31.01
 -5.23 13.22 -30.94
 -5.61 13.22 -30.88
 -5.97 13.22 -30.81
 -6.29 13.23 -30.73
 -6.61 13.25 -30.65
 -6.61 13.25 -30.65
 -13.09 13.64 -25.82
 -13.03 13.54 -25.64
 -12.89 13.42 -25.45
 -12.69 13.29 -25.24
 -12.51 13.18 -25.02
 -12.40 13.05 -24.76
 -12.31 12.91 -24.46
 -12.31 12.91 -24.46
 -9.58 12.16 -20.84
 -9.39 12.03 -20.70
 -9.20 11.88 -20.53
 -9.00 11.73 -20.32
 -8.81 11.56 -20.09
 -8.63 11.39 -19.87
 -8.47 11.24 -19.69
 -8.40 11.12 -19.54
 -8.38 11.03 -19.42
 -8.39 11.01 -19.31
 -8.43 11.05 -19.18
 -8.39 11.16 -19.04
 -8.39 11.31 -18.92
 -8.38 11.43 -18.75
 -8.37 11.54 -18.59
 -8.38 11.61 -18.44
