 -1.07 9.43 -19.46
 -1.18 9.46 -19.28
 -1.27 9.49 -19.14
 -1.25 9.50 -19.08
 -1.13 9.45 -19.09
 -0.98 9.32 -19.13
 -0.86 9.10 -19.21
 -0.76 8.76 -19.30
 -0.65 8.31 -19.38
 -0.48 7.82 -19.46
 -0.29 7.35 -19.54
 -0.11 6.92 -19.61
 0.01 6.58 -19.66
 0.08 6.34 -19.71
 0.10 6.19 -19.75
 0.10 6.14 -19.79
 0.10 6.14 -19.79
 -4.63 10.52 -13.97
 -4.57 10.64 -13.78
 -4.51 10.79 -13.59
 -4.46 10.94 -13.39
 -4.46 11.10 -13.18
 -4.49 11.27 -12.97
 -4.54 11.43 -12.75
 -4.58 11.58 -12.50
 -4.63 11.74 -12.23
 -4.70 11.93 -11.91
 -4.78 12.15 -11.58
 -4.87 12.43 -11.24
 -4.96 12.72 -10.91
 -5.04 13.01 -10.59
 -5.12 13.31 -10.30
 -5.23 13.60 -10.01
 -5.23 13.60 -10.01
 -6.30 16.07 -2.24
 -6.41 16.06 -2.10
 -6.47 16.03 -1.95
 -6.45 15.96 -1.81
 -6.33 15.87 -1.67
 -6.15 15.76 -1.53
 -5.93 15.65 -1.39
 -5.74 15.51 -1.27
 -5.63 15.36 -1.17
 -5.60 15.19 -1.07
 -5.61 14.99 -0.96
 -5.62 14.77 -0.82
 -5.58 14.54 -0.67
 -5.48 14.30 -0.52
 -5.35 14.07 -0.36
 -5.21 13.85 -0.21
 -5.21 13.85 -0.21
 -4.16 15.94 -1.84
 -4.10 15.89 -2.10
 -3.99 15.85 -2.38
 -3.85 15.82 -2.67
 -3.76 15.82 -2.97
 -3.72 15.84 -3.27
 -3.74 15.88 -3.58
 -3.79 15.95 -3.89
 -3.88 16.05 -4.21
 -3.97 16.16 -4.51
 -4.02 16.28 -4.80
 -4.01 16.39 -5.07
 -3.96 16.49 -5.31
 -3.90 16.59 -5.56
 -3.86 16.70 -5.80
 -3.88 16.84 -6.05
 -3.99 16.99 -6.31
 -3.99 16.99 -6.31
 -2.14 17.39 -19.17
 -2.05 17.34 -19.51
 -1.91 17.29 -19.85
 -1.73 17.30 -20.25
 -1.56 17.41 -20.72
 -1.48 17.57 -21.23
 -1.48 17.76 -21.74
 -1.54 17.93 -22.19
 -1.61 18.07 -22.59
 -1.65 18.17 -22.95
 -1.66 18.22 -23.28
 -1.65 18.21 -23.60
 -1.61 18.17 -23.95
 -1.54 18.12 -24.31
 -1.43 18.06 -24.69
 -1.31 17.98 -25.06
 -1.31 17.98 -25.06
 0.22 16.50 -32.69
 0.15 16.43 -32.82
 0.05 16.36 -32.99
 -0.04 16.29 -33.18
 -0.13 16.24 -33.35
 -0.16 16.21 -33.50
 -0.13 16.20 -33.63
 -0.04 16.20 -33.76
 0.07 16.19 -33.90
 0.18 16.15 -34.07
 0.24 16.08 -34.27
 0.25 16.00 -34.47
 0.23 15.92 -34.66
 0.19 15.86 -34.83
 0.13 15.82 -34.99
 0.07 15.79 -35.13
 0.07 15.79 -35.13
 -5.61 16.00 -33.54
 -5.90 15.84 -33.30
 -6.16 15.67 -33.01
 -6.41 15.51 -32.69
 -6.66 15.35 -32.35
 -6.93 15.21 -32.02
 -7.22 15.08 -31.70
 -7.48 14.95 -31.37
 -7.69 14.80 -31.04
 -7.87 14.60 -30.71
 -8.06 14.38 -30.38
 -8.26 14.14 -30.03
 -8.47 13.89 -29.68
 -8.66 13.65 -29.31
 -8.86 13.43 -28.93
 -10.78 11.30 -10.03
 -10.78 11.30 -10.03
 -8.48 11.09 -20.70
 -8.41 11.01 -20.60
 -8.38 10.97 -20.54
 -8.35 10.96 -20.52
 -8.26 10.96 -20.51
 -8.08 10.95 -20.50
 -7.84 10.92 -20.48
 -7.61 10.90 -20.44
 -7.61 10.90 -20.44
 -5.49 10.57 -17.98
 -5.34 10.58 -17.81
 -5.15 10.61 -17.67
 -4.92 10.63 -17.57
 -4.66 10.64 -17.47
 -4.38 10.63 -17.36
 -4.09 10.61 -17.23
 -3.81 10.59 -17.09
 -3.57 10.58 -16.96
 -3.37 10.57 -16.84
 -3.18 10.54 -16.71
 -2.98 10.46 -16.59
 -2.78 10.33 -16.46
 -2.56 10.17 -16.35
 -2.32 9.99 -16.24
 -2.04 9.82 -16.17
 -2.04 9.82 -16.17
 -4.64 11.34 -12.56
 -4.71 11.32 -12.51
 -4.80 11.29 -12.48
 -4.85 11.25 -12.48
