 -15.54 -17.95 -15.73
 -15.94 -17.99 -15.71
 -16.23 -18.12 -15.68
 -16.39 -18.30 -15.67
 -16.47 -18.51 -15.67
 -16.53 -18.75 -15.69
 -16.61 -18.97 -15.74
 -16.73 -19.19 -15.77
 -16.89 -19.42 -15.76
 -17.14 -19.70 -15.63
 -17.14 -19.70 -15.63
 -22.24 -25.43 -15.03
 -22.24 -25.64 -15.10
 -22.31 -25.93 -15.18
 -22.37 -26.27 -15.30
 -22.41 -26.64 -15.48
 -22.45 -27.07 -15.66
 -22.50 -27.59 -15.81
 -22.63 -28.16 -15.89
 -22.85 -28.75 -15.88
 -23.09 -29.30 -15.78
 -23.30 -29.82 -15.58
 -23.40 -30.27 -15.35
 -23.40 -30.71 -15.13
 -23.39 -31.23 -14.94
 -23.39 -31.23 -14.94
 -2.45 -25.02 35.16
 -2.24 -24.91 35.27
 -2.06 -24.79 35.32
 -1.94 -24.69 35.33
 -1.87 -24.60 35.30
 -1.85 -24.51 35.23
 -1.87 -24.44 35.14
 -1.90 -24.38 35.05
 -1.95 -24.34 34.95
 -2.03 -24.30 34.83
 -2.15 -24.25 34.67
 -2.29 -24.17 34.48
 -2.42 -24.07 34.28
 -2.55 -23.94 34.05
 -2.64 -23.80 33.80
 -2.80 -23.48 33.19
 -2.80 -23.48 33.19
 -4.72 9.02 -26.25
 -4.76 9.02 -26.41
 -4.82 9.02 -26.53
 -4.86 9.00 -26.62
 -4.85 8.95 -26.68
 -4.75 8.87 -26.71
 -4.56 8.79 -26.74
 -4.34 8.72 -26.77
 -4.34 8.72 -26.77
 -3.13 5.09 -25.73
 -4.27 1.45 -24.71
 -5.40 -2.30 -23.54
 -6.53 -6.08 -22.28
 -7.65 -9.85 -20.99
 -8.72 -13.51 -19.73
 -9.76 -16.97 -18.51
 -10.87 -20.11 -17.29
 -12.08 -22.90 -15.99
 -13.30 -25.36 -14.59
 -14.41 -27.55 -13.08
 -15.41 -29.54 -11.44
 -16.24 -31.35 -9.70
 -16.86 -33.06 -7.92
 -17.24 -34.66 -6.16
 -17.24 -34.66 -6.16
 -15.62 -43.98 3.87
 -15.55 -44.03 3.86
 -15.48 -44.06 3.85
 -15.43 -44.07 3.86
 -15.42 -44.06 3.88
 -15.43 -44.04 3.89
 -15.45 -44.02 3.91
 -15.48 -44.00 3.93
 -15.50 -43.99 3.96
 -15.49 -43.97 4.00
 -15.46 -43.96 4.02
 -15.40 -43.93 4.02
 -15.32 -43.92 4.01
 -15.25 -43.91 3.98
 -15.17 -43.89 3.94
 -15.12 -43.88 3.92
 -15.12 -43.88 3.92
 -15.06 -44.24 3.87
 -15.02 -44.28 3.90
 -14.96 -44.33 3.94
 -14.88 -44.37 3.98
 -14.81 -44.40 4.02
 -14.75 -44.42 4.05
 -14.72 -44.43 4.07
 -14.71 -44.44 4.08
 -14.70 -44.45 4.08
 -14.68 -44.46 4.07
 -14.66 -44.47 4.08
 -14.65 -44.50 4.10
 -14.63 -44.53 4.13
 -14.63 -44.57 4.16
 -14.62 -44.61 4.20
 -14.62 -44.61 4.20
 -14.10 -45.02 3.89
 -14.11 -45.01 3.86
 -14.13 -45.01 3.84
 -14.13 -45.03 3.83
 -14.12 -45.07 3.81
 -14.10 -45.12 3.79
 -14.06 -45.18 3.76
 -14.02 -45.24 3.73
 -13.98 -45.29 3.70
 -13.97 -45.32 3.67
 -13.98 -45.34 3.65
 -14.01 -45.35 3.63
 -14.05 -45.35 3.60
 -14.08 -45.35 3.58
 -14.09 -45.37 3.57
 -14.10 -45.40 3.56
 -14.10 -45.40 3.56
 -13.62 -45.89 3.71
 -13.62 -45.89 3.71
 -13.61 -45.89 3.71
 -13.58 -45.89 3.72
 -13.57 -45.90 3.73
 -13.56 -45.91 3.74
 -13.56 -45.92 3.75
 -13.55 -45.93 3.77
 -13.54 -45.96 3.78
 -13.53 -45.99 3.81
 -13.51 -46.02 3.84
 -13.49 -46.05 3.86
 -13.45 -46.07 3.88
 -13.42 -46.08 3.90
 -13.40 -46.06 3.92
 -13.40 -46.05 3.94
 -13.40 -46.05 3.94
 -12.90 -46.46 4.25
 -12.88 -46.47 4.26
 -12.86 -46.48 4.27
 -12.84 -46.49 4.27
 -12.82 -46.49 4.27
 -12.80 -46.50 4.27
 -12.78 -46.51 4.26
 -12.76 -46.52 4.25
 -12.74 -46.53 4.24
 -12.72 -46.55 4.24
 -12.70 -46.56 4.24
 -12.70 -46.57 4.23
 -12.72 -46.58 4.23
 -12.74 -46.58 4.21
 -12.78 -46.57 4.20
