 -10.98 -7.57 4.34
 -10.96 -7.59 4.36
 -10.94 -7.62 4.37
 -10.92 -7.66 4.38
 -10.89 -7.70 4.38
 -10.86 -7.74 4.37
 -10.83 -7.79 4.35
 -10.83 -7.79 4.35
 -10.23 -12.45 3.44
 -10.12 -12.66 2.95
 -9.99 -12.98 2.46
 -9.91 -13.33 2.00
 -9.98 -13.70 1.60
 -10.15 -14.09 1.26
 -10.38 -14.45 0.98
 -10.66 -14.81 0.80
 -10.72 -15.14 0.70
 -10.23 -15.44 0.59
 -9.06 -15.68 0.43
 -7.44 -15.89 0.28
 -5.92 -16.10 0.21
 -5.00 -16.30 0.30
 -4.83 -16.45 0.54
 -4.91 -16.55 0.78
 -4.91 -16.55 0.78
 -10.46 -19.39 4.21
 -11.38 -19.41 4.67
 -12.47 -19.36 5.23
 -13.80 -19.24 5.93
 -15.29 -19.01 6.75
 -16.82 -18.62 7.65
 -18.04 -18.05 8.45
 -18.31 -17.35 8.87
 -17.64 -16.80 8.90
 -16.71 -16.62 8.77
 -15.93 -16.81 8.60
 -15.23 -17.20 8.43
 -14.52 -17.61 8.27
 -13.85 -17.95 8.15
 -13.31 -18.16 8.16
 -12.98 -18.23 8.34
 -12.98 -18.23 8.34
 -3.91 6.89 44.33
 -3.88 7.07 44.01
 -3.68 7.28 43.69
 -3.38 7.51 43.32
 -3.04 7.74 42.83
 -2.69 7.96 42.20
 -2.32 8.17 41.39
 -1.95 8.35 40.35
 -1.68 8.52 39.05
 -1.63 8.70 37.46
 -1.82 8.93 35.56
 -1.89 9.37 33.40
 -1.71 10.11 31.02
 -1.34 11.14 28.45
 -0.85 12.39 25.69
 -0.25 13.76 22.74
 0.50 15.18 19.57
 0.50 15.18 19.57
 12.75 23.07 -15.90
 12.75 23.05 -16.00
 12.67 23.02 -16.12
 12.50 22.98 -16.25
 12.25 22.95 -16.36
 11.97 22.94 -16.43
 11.71 22.94 -16.47
 11.49 22.98 -16.47
 11.38 23.06 -16.42
 11.36 23.14 -16.34
 11.35 23.21 -16.24
 11.28 23.21 -16.14
 11.14 23.16 -16.04
 10.94 23.07 -15.96
 10.69 22.93 -15.87
 10.42 22.75 -15.78
 10.42 22.75 -15.78
 -5.10 -34.83 25.07
 -5.16 -35.42 25.52
 -5.15 -35.98 25.97
 -5.07 -36.50 26.38
 -4.93 -36.98 26.71
 -4.78 -37.40 26.91
 -4.66 -37.73 26.99
 -4.62 -37.98 26.98
 -4.68 -38.15 26.92
 -4.81 -38.25 26.85
 -4.97 -38.27 26.78
 -5.14 -38.24 26.70
 -5.29 -38.16 26.62
 -5.41 -38.07 26.58
 -5.50 -37.99 26.57
 -5.60 -37.93 26.60
 -5.60 -37.93 26.60
 -6.32 -37.33 25.66
 -6.39 -37.27 25.63
 -6.45 -37.24 25.62
 -6.49 -37.24 25.65
 -6.50 -37.26 25.67
 -6.48 -37.31 25.66
 -6.46 -37.35 25.64
 -6.47 -37.38 25.62
 -6.53 -37.39 25.61
 -6.60 -37.37 25.59
 -6.66 -37.32 25.57
 -6.68 -37.25 25.53
 -6.68 -37.18 25.51
 -6.69 -37.12 25.50
 -6.70 -37.06 25.50
 -6.71 -37.03 25.51
 -6.71 -37.03 25.51
 -7.35 -36.61 25.53
 -7.36 -36.57 25.55
 -7.35 -36.54 25.57
 -7.33 -36.51 25.58
 -7.31 -36.50 25.59
 -7.29 -36.48 25.60
 -7.27 -36.47 25.62
 -7.25 -36.47 25.63
 -7.21 -36.48 25.63
 -7.19 -36.50 25.63
 -7.20 -36.55 25.65
 -7.23 -36.60 25.67
 -7.28 -36.66 25.69
 -7.32 -36.72 25.69
 -7.35 -36.78 25.69
 -7.38 -36.82 25.69
 -7.38 -36.82 25.69
 -7.95 -37.17 25.28
 -7.90 -37.15 25.26
 -7.84 -37.12 25.24
 -7.80 -37.08 25.22
 -7.79 -37.04 25.19
 -7.82 -37.01 25.17
 -7.87 -36.98 25.14
 -7.93 -36.98 25.12
 -7.98 -36.99 25.11
 -8.02 -37.00 25.11
 -8.05 -37.02 25.14
 -8.08 -37.04 25.17
 -8.09 -37.06 25.20
 -8.08 -37.06 25.21
