 -1.93 1.92 -28.05
 -1.95 1.91 -28.05
 -1.99 1.91 -28.02
 -1.99 1.91 -28.02
 -2.15 3.21 -26.97
 -2.11 3.41 -26.89
 -2.08 3.62 -26.79
 -2.08 3.83 -26.67
 -2.12 4.04 -26.53
 -2.20 4.22 -26.38
 -2.28 4.39 -26.24
 -2.34 4.54 -26.12
 -2.40 4.67 -26.03
 -2.45 4.78 -25.95
 -2.55 4.85 -25.89
 -2.69 4.89 -25.84
 -2.84 4.90 -25.80
 -2.97 4.92 -25.77
 -3.05 4.98 -25.73
 -3.08 5.08 -25.67
 -3.08 5.08 -25.67
 -6.35 11.44 -17.97
 -6.40 11.76 -17.72
 -6.45 12.08 -17.47
 -6.53 12.39 -17.23
 -6.66 12.70 -17.00
 -6.81 13.02 -16.77
 -6.97 13.36 -16.55
 -7.10 13.71 -16.33
 -7.18 14.07 -16.12
 -7.22 14.43 -15.91
 -7.21 14.76 -15.68
 -7.17 15.07 -15.43
 -7.17 15.33 -15.17
 -7.20 15.56 -14.90
 -7.27 15.77 -14.63
 -7.37 15.95 -14.38
 -7.37 15.95 -14.38
 -11.34 22.17 -9.36
 -11.35 22.30 -9.22
 -11.34 22.40 -9.10
 -11.34 22.49 -8.98
 -11.36 22.56 -8.85
 -11.36 22.63 -8.69
 -11.29 22.69 -8.53
 -11.18 22.74 -8.37
 -11.03 22.77 -8.22
 -10.91 22.78 -8.06
 -10.80 22.76 -7.91
 -10.73 22.74 -7.76
 -10.68 22.71 -7.62
 -10.62 22.68 -7.47
 -10.56 22.63 -7.30
 -10.49 22.58 -7.13
 -10.49 22.58 -7.13
 -6.36 17.73 -7.87
 -6.34 17.45 -7.95
 -6.36 17.20 -8.05
 -6.40 16.95 -8.16
 -6.43 16.72 -8.29
 -6.40 16.51 -8.41
 -6.31 16.32 -8.51
 -6.17 16.14 -8.58
 -6.01 15.97 -8.61
 -5.87 15.80 -8.63
 -5.70 15.61 -8.64
 -5.41 15.42 -8.68
 -5.26 15.20 -8.79
 -5.12 14.99 -8.91
 -4.98 14.78 -9.05
 -4.89 14.56 -9.21
 -4.89 14.56 -9.21
 -6.39 12.32 -17.54
 -6.13 12.19 -17.77
 -5.93 12.06 -18.01
 -5.79 11.95 -18.25
 -5.71 11.86 -18.50
 -5.68 11.79 -18.74
 -5.64 11.74 -18.99
 -5.58 11.73 -19.25
 -5.52 11.74 -19.50
 -5.47 11.76 -19.72
 -5.38 11.77 -19.90
 -5.26 11.77 -20.04
 -5.10 11.75 -20.16
 -4.90 11.70 -20.30
 -4.69 11.66 -20.47
 -4.47 11.62 -20.70
 -4.47 11.62 -20.70
 0.06 11.71 -26.12
 0.19 11.79 -26.45
 0.29 11.90 -26.78
 0.35 12.05 -27.13
 0.38 12.23 -27.47
 0.39 12.45 -27.80
 0.37 12.67 -28.10
 0.36 12.91 -28.38
 0.40 13.13 -28.65
 0.43 13.33 -28.93
 0.39 13.51 -29.23
 0.24 13.67 -29.57
 -0.01 13.82 -29.92
 -0.34 13.94 -30.29
 -0.72 14.03 -30.63
 -1.11 14.11 -30.93
 -1.11 14.11 -30.93
 -7.77 14.90 -30.74
 -7.99 14.86 -30.91
 -8.06 14.76 -31.07
 -8.00 14.61 -31.18
 -7.88 14.42 -31.24
 -7.75 14.22 -31.27
 -7.65 14.03 -31.28
 -7.60 13.87 -31.28
 -7.64 13.75 -31.28
 -7.74 13.66 -31.27
 -7.87 13.58 -31.24
 -8.01 13.50 -31.15
 -8.11 13.39 -30.99
 -8.13 13.28 -30.77
 -8.09 13.16 -30.51
 -8.09 13.16 -30.51
 -9.04 12.99 -28.38
 -9.08 12.90 -28.36
 -9.10 12.86 -28.36
 -9.11 12.88 -28.35
 -9.11 12.92 -28.33
 -9.09 12.95 -28.27
 -9.05 12.96 -28.19
 -8.99 12.94 -28.08
 -8.96 12.91 -27.94
 -8.94 12.87 -27.77
 -8.92 12.82 -27.59
 -8.90 12.77 -27.42
 -8.88 12.71 -27.24
 -8.85 12.63 -27.08
 -8.84 12.54 -26.92
 -8.82 12.47 -26.78
 -8.82 12.47 -26.78
 -6.78 16.62 -24.44
 -6.84 16.64 -24.38
 -6.89 16.64 -24.32
 -6.92 16.60 -24.25
 -6.94 16.55 -24.17
 -6.95 16.51 -24.08
 -6.99 16.49 -23.98
 -7.08 16.44 -23.90
 -7.20 16.41 -23.83
 -7.34 16.37 -23.75
 -7.44 16.29 -23.67
