 -2.07 7.46 -19.67
 -2.04 7.91 -19.33
 -1.99 7.65 -19.37
 -1.98 7.55 -19.38
 -2.00 7.59 -19.37
 -2.07 7.78 -19.33
 -2.18 8.08 -19.26
 -2.34 8.45 -19.16
 -2.54 8.86 -19.04
 -2.78 9.27 -18.90
 -3.04 9.66 -18.74
 -3.28 10.02 -18.56
 -3.48 10.36 -18.36
 -3.64 10.67 -18.16
 -3.74 10.92 -17.96
 -3.80 11.10 -17.76
 -3.83 11.24 -17.57
 -3.83 11.24 -17.57
 -5.75 15.25 -12.41
 -5.70 15.28 -12.09
 -5.65 15.28 -11.78
 -5.63 15.27 -11.48
 -5.63 15.26 -11.20
 -5.67 15.25 -10.95
 -5.75 15.24 -10.71
 -5.85 15.25 -10.50
 -5.97 15.26 -10.29
 -6.10 15.28 -10.09
 -6.22 15.30 -9.89
 -6.35 15.33 -9.70
 -6.49 15.39 -9.51
 -6.62 15.45 -9.32
 -6.72 15.52 -9.12
 -6.81 15.58 -8.89
 -6.81 15.58 -8.89
 -10.20 14.03 -2.75
 -10.11 13.70 -2.85
 -10.05 13.41 -2.96
 -10.05 13.15 -3.12
 -10.03 12.91 -3.28
 -9.99 12.65 -3.47
 -9.93 12.39 -3.66
 -9.83 12.14 -3.81
 -9.75 11.99 -3.99
 -9.71 11.95 -4.18
 -9.72 12.00 -4.38
 -9.74 12.09 -4.57
 -9.71 12.20 -4.77
 -9.66 12.29 -4.96
 -9.59 12.35 -5.15
 -9.50 12.38 -5.33
 -9.27 12.30 -5.62
 -9.27 12.30 -5.62
 -6.64 14.57 -5.19
 -6.87 14.43 -5.09
 -7.01 14.26 -4.95
 -7.06 14.10 -4.83
 -7.07 13.96 -4.77
 -7.10 13.86 -4.77
 -7.16 13.80 -4.82
 -7.20 13.77 -4.88
 -7.23 13.76 -4.94
 -7.24 13.76 -5.00
 -7.26 13.77 -5.06
 -7.28 13.78 -5.13
 -7.29 13.79 -5.20
 -7.29 13.81 -5.29
 -7.28 13.84 -5.38
 -7.29 13.88 -5.46
 -7.29 13.88 -5.46
 -4.49 15.67 -9.77
 -4.59 15.65 -10.07
 -4.70 15.64 -10.36
 -4.81 15.67 -10.65
 -4.88 15.72 -10.93
 -4.89 15.78 -11.21
 -4.84 15.82 -11.48
 -4.75 15.85 -11.74
 -4.65 15.86 -12.00
 -4.61 15.85 -12.25
 -4.63 15.86 -12.51
 -4.70 15.90 -12.79
 -4.82 15.98 -13.08
 -4.99 16.09 -13.41
 -5.15 16.19 -13.76
 -5.28 16.27 -14.10
 -5.28 16.27 -14.10
 -10.06 14.59 -18.62
 -9.92 14.54 -18.74
 -9.71 14.46 -18.83
 -9.45 14.35 -18.88
 -9.21 14.21 -18.91
 -9.03 14.05 -18.94
 -8.92 13.88 -18.99
 -8.87 13.73 -19.05
 -8.85 13.59 -19.14
 -8.80 13.47 -19.25
 -8.70 13.36 -19.34
 -8.52 13.25 -19.40
 -8.31 13.14 -19.41
 -8.11 13.05 -19.39
 -7.97 12.96 -19.37
 -7.91 12.90 -19.40
 -7.91 12.90 -19.40
 -4.87 14.00 -22.55
 -4.63 13.98 -22.60
 -4.35 13.95 -22.68
 -4.06 13.92 -22.80
 -3.75 13.88 -22.94
 -3.45 13.81 -23.12
 -3.22 13.74 -23.33
 -3.07 13.68 -23.56
 -3.02 13.62 -23.80
 -3.04 13.58 -24.03
 -3.09 13.56 -24.25
 -3.16 13.54 -24.45
 -3.19 13.52 -24.65
 -3.19 13.51 -24.85
 -3.20 13.49 -25.02
 -3.23 13.48 -25.17
 -3.23 13.48 -25.17
 -8.63 11.89 -23.43
 -8.62 11.78 -23.26
 -8.66 11.68 -23.12
 -8.75 11.60 -23.03
 -8.82 11.54 -22.97
 -8.82 11.51 -22.89
 -8.76 11.48 -22.78
 -8.63 11.43 -22.62
 -8.47 11.36 -22.42
 -8.32 11.25 -22.21
 -8.24 11.14 -22.01
 -8.28 11.03 -21.86
 -8.42 10.94 -21.76
 -8.58 10.86 -21.68
 -8.69 10.79 -21.60
 -8.69 10.79 -21.60
 -6.94 7.75 -16.85
 -6.93 7.71 -16.81
 -6.85 7.68 -16.76
 -6.70 7.64 -16.71
 -6.52 7.61 -16.64
 -6.40 7.60 -16.55
 -6.39 7.58 -16.43
 -6.46 7.56 -16.29
 -6.58 7.56 -16.14
 -6.72 7.57 -15.99
 -6.84 7.64 -15.84
 -6.95 7.76 -15.68
 -7.00 7.90 -15.52
