 0.80 3.92 -22.48
 0.78 3.91 -22.45
 0.78 3.91 -22.43
 0.78 3.91 -22.43
 1.20 2.93 -22.27
 1.05 3.05 -22.23
 0.86 3.16 -22.18
 0.68 3.24 -22.12
 0.50 3.30 -22.06
 0.36 3.32 -22.01
 0.27 3.30 -21.97
 0.23 3.23 -21.94
 0.16 3.13 -21.89
 0.10 3.01 -21.83
 0.04 2.88 -21.75
 -0.02 2.75 -21.66
 -0.04 2.62 -21.56
 -0.04 2.51 -21.45
 -0.02 2.40 -21.35
 -0.03 2.32 -21.24
 -0.07 2.28 -21.13
 -0.07 2.28 -21.13
 -1.75 6.52 -13.39
 -1.90 6.77 -13.09
 -2.04 7.04 -12.79
 -2.19 7.29 -12.48
 -2.35 7.53 -12.18
 -2.52 7.73 -11.90
 -2.66 7.93 -11.64
 -2.77 8.13 -11.40
 -2.86 8.37 -11.17
 -2.99 8.66 -10.93
 -3.18 8.97 -10.65
 -3.46 9.27 -10.35
 -3.82 9.54 -10.01
 -4.20 9.72 -9.64
 -4.56 9.82 -9.28
 -4.83 9.85 -8.97
 -4.99 9.86 -8.72
 -4.99 9.86 -8.72
 -4.91 13.90 -2.35
 -4.49 13.73 -2.17
 -4.10 13.53 -2.01
 -3.72 13.26 -1.89
 -3.34 12.95 -1.78
 -2.94 12.62 -1.68
 -2.50 12.28 -1.57
 -2.05 11.95 -1.49
 -1.62 11.66 -1.41
 -1.27 11.42 -1.34
 -1.00 11.25 -1.28
 -0.78 11.17 -1.22
 -0.57 11.19 -1.16
 -0.36 11.32 -1.11
 -0.17 11.53 -1.07
 -0.05 11.81 -1.00
 -0.05 11.81 -1.00
 0.78 14.74 1.05
 0.40 14.60 0.81
 -0.12 14.45 0.56
 -0.74 14.32 0.30
 -1.40 14.20 0.04
 -2.04 14.10 -0.21
 -2.63 14.00 -0.44
 -3.14 13.91 -0.65
 -3.58 13.82 -0.86
 -3.97 13.74 -1.08
 -4.32 13.68 -1.31
 -4.63 13.65 -1.56
 -4.94 13.65 -1.81
 -5.25 13.68 -2.08
 -5.54 13.72 -2.37
 -5.81 13.77 -2.68
 -6.08 13.81 -2.99
 -6.08 13.81 -2.99
 -5.11 12.94 -11.43
 -5.04 12.82 -11.54
 -5.07 12.73 -11.65
 -5.20 12.65 -11.74
 -5.41 12.60 -11.83
 -5.64 12.57 -11.91
 -5.81 12.57 -11.99
 -5.88 12.58 -12.09
 -5.80 12.60 -12.23
 -5.62 12.64 -12.41
 -5.41 12.70 -12.64
 -5.20 12.79 -12.91
 -5.09 12.92 -13.22
 -5.14 13.07 -13.53
 -5.30 13.26 -13.80
 -5.49 13.49 -14.03
 -5.49 13.49 -14.03
 -3.72 15.99 -20.68
 -3.80 15.90 -20.90
 -3.77 15.81 -21.11
 -3.65 15.73 -21.29
 -3.43 15.65 -21.42
 -3.13 15.61 -21.53
 -2.82 15.59 -21.64
 -2.56 15.61 -21.77
 -2.38 15.66 -21.91
 -2.29 15.73 -22.04
 -2.28 15.78 -22.16
 -2.31 15.82 -22.25
 -2.32 15.83 -22.28
 -2.30 15.83 -22.27
 -2.27 15.81 -22.25
 -2.25 15.80 -22.25
 -2.25 15.80 -22.25
 0.95 16.56 -25.56
 1.07 16.55 -25.63
 1.14 16.54 -25.72
 1.20 16.54 -25.83
 1.31 16.52 -25.94
 1.08 16.49 -26.09
 0.40 16.49 -25.65
 0.17 16.44 -25.31
 0.20 16.30 -25.00
 0.22 16.15 -24.71
 0.37 16.01 -24.48
 0.67 15.86 -24.27
 1.16 15.71 -24.06
 1.77 15.53 -23.86
 2.50 15.30 -23.69
 3.22 15.08 -23.58
 3.22 15.08 -23.58
 -1.21 16.50 -25.28
 -1.35 16.21 -25.13
 -1.49 15.93 -24.95
 -1.63 15.68 -24.74
 -1.80 15.47 -24.54
 -2.04 15.32 -24.37
 -2.34 15.24 -24.25
 -2.66 15.23 -24.18
 -3.00 15.29 -24.13
 -3.32 15.41 -24.07
 -3.59 15.52 -23.99
 -3.77 15.61 -23.88
 -3.86 15.64 -23.74
 -3.90 15.62 -23.57
 -3.92 15.55 -23.40
 -3.99 15.46 -23.27
 -3.99 15.46 -23.27
 -4.18 11.27 -18.43
 -4.05 11.25 -18.18
 -3.95 11.20 -17.95
 -3.89 11.13 -17.73
 -3.92 11.06 -17.52
 -4.04 11.00 -17.28
 -4.19 10.94 -17.01
