 -7.65 -11.23 -13.15
 -7.70 -11.09 -13.09
 -7.73 -10.90 -13.02
 -7.70 -10.66 -12.98
 -7.65 -10.39 -12.93
 -7.61 -10.09 -12.86
 -7.65 -9.76 -12.75
 -7.66 -9.39 -12.62
 -7.60 -8.99 -12.52
 -7.45 -8.57 -12.44
 -7.18 -8.13 -12.38
 -6.82 -7.71 -12.33
 -6.46 -7.33 -12.27
 -6.16 -6.99 -12.18
 -6.16 -6.99 -12.18
 -7.78 -9.88 -10.50
 -7.98 -10.12 -10.47
 -8.26 -10.39 -10.46
 -8.49 -10.65 -10.48
 -8.59 -10.89 -10.54
 -8.54 -11.10 -10.63
 -8.37 -11.26 -10.73
 -8.14 -11.36 -10.85
 -7.90 -11.40 -11.00
 -7.67 -11.38 -11.20
 -7.39 -11.37 -11.42
 -7.03 -11.43 -11.66
 -6.66 -11.58 -11.90
 -6.34 -11.80 -12.10
 -6.01 -12.03 -12.25
 -6.01 -12.03 -12.25
 -4.58 12.17 -2.16
 -5.29 12.09 -1.94
 -5.87 12.05 -1.67
 -6.26 12.06 -1.35
 -6.46 12.12 -1.00
 -6.52 12.20 -0.65
 -6.56 12.29 -0.32
 -6.68 12.40 -0.07
 -6.68 12.40 -0.07
 -3.34 16.52 -4.29
 -3.17 16.80 -5.46
 -2.88 17.06 -6.64
 -2.44 17.26 -7.80
 -1.88 17.42 -8.94
 -1.29 17.55 -10.07
 -0.75 17.67 -11.22
 -0.26 17.77 -12.37
 0.22 17.85 -13.48
 0.68 17.89 -14.56
 0.96 17.91 -15.62
 0.98 17.96 -16.59
 0.87 18.06 -17.41
 0.84 18.24 -18.07
 0.90 18.52 -18.60
 0.98 18.86 -19.04
 0.98 18.86 -19.04
 1.97 15.21 -24.41
 2.12 13.37 -24.05
 1.63 11.59 -23.76
 0.62 9.91 -23.45
 -0.72 8.26 -23.05
 -2.26 6.64 -22.53
 -3.92 5.03 -21.90
 -5.58 3.40 -21.14
 -7.11 1.78 -20.26
 -8.45 0.21 -19.25
 -9.62 -1.25 -18.16
 -10.60 -2.58 -17.01
 -11.38 -3.73 -15.89
 -11.94 -4.66 -14.89
 -12.25 -5.36 -14.08
 -12.28 -5.89 -13.45
 -12.28 -5.89 -13.45
 -10.77 -1.88 -10.71
 -10.80 -2.05 -10.67
 -10.87 -2.23 -10.62
 -10.93 -2.39 -10.55
 -10.97 -2.51 -10.47
 -11.00 -2.60 -10.38
 -11.01 -2.66 -10.30
 -10.98 -2.68 -10.25
 -10.92 -2.68 -10.24
 -10.86 -2.66 -10.24
 -10.84 -2.65 -10.26
 -10.81 -2.65 -10.28
 -10.80 -2.68 -10.29
 -10.84 -2.72 -10.28
 -10.94 -2.75 -10.26
 -10.94 -2.75 -10.26
 -10.53 -3.07 -9.79
 -10.43 -3.05 -9.78
 -10.32 -3.05 -9.77
 -10.22 -3.07 -9.77
 -10.17 -3.10 -9.77
 -10.16 -3.14 -9.77
 -10.17 -3.16 -9.77
 -10.15 -3.17 -9.76
 -10.12 -3.16 -9.76
 -10.13 -3.13 -9.75
 -10.17 -3.10 -9.74
 -10.21 -3.07 -9.74
 -10.24 -3.06 -9.74
 -10.26 -3.07 -9.73
 -10.26 -3.12 -9.74
 -10.26 -3.12 -9.74
 -10.15 -4.25 -9.27
 -10.12 -4.29 -9.27
 -10.10 -4.32 -9.28
 -10.08 -4.34 -9.29
 -10.06 -4.35 -9.30
 -10.08 -4.34 -9.30
 -10.11 -4.33 -9.31
 -10.16 -4.32 -9.31
 -10.16 -4.32 -9.31
 -9.69 -4.89 -9.22
 -9.65 -4.89 -9.20
 -9.60 -4.91 -9.17
 -9.55 -4.93 -9.15
 -9.51 -4.96 -9.14
 -9.47 -4.99 -9.12
 -9.43 -5.01 -9.10
 -9.40 -5.03 -9.08
 -9.39 -5.06 -9.06
 -9.38 -5.08 -9.02
 -9.33 -5.09 -8.99
 -9.26 -5.10 -8.96
 -9.20 -5.12 -8.94
 -9.16 -5.14 -8.92
 -9.13 -5.16 -8.90
 -9.13 -5.18 -8.87
 -9.13 -5.18 -8.87
 -8.68 -5.62 -8.55
 -8.67 -5.62 -8.51
 -8.65 -5.62 -8.46
 -8.62 -5.63 -8.42
 -8.60 -5.65 -8.39
 -8.59 -5.66 -8.38
 -8.59 -5.67 -8.38
 -8.60 -5.66 -8.38
 -8.61 -5.65 -8.38
 -8.61 -5.63 -8.38
 -8.58 -5.60 -8.38
 -8.55 -5.57 -8.37
 -8.52 -5.56 -8.36
 -8.49 -5.57 -8.35
 -8.48 -5.59 -8.34
 -8.48 -5.62 -8.33
 -8.48 -5.62 -8.33
 -8.41 -5.67 -8.53
