 5.28 -3.46 -30.08
 5.67 -3.31 -30.19
 5.85 -3.11 -30.32
 5.92 -2.94 -30.41
 5.84 -2.84 -30.41
 5.58 -2.83 -30.32
 5.26 -2.90 -30.18
 4.98 -3.03 -30.03
 4.80 -3.19 -29.91
 4.71 -3.37 -29.85
 4.69 -3.58 -29.85
 4.79 -3.77 -29.93
 5.04 -3.90 -30.09
 5.33 -3.91 -30.29
 5.54 -3.84 -30.48
 5.66 -3.74 -30.66
 5.66 -3.74 -30.66
 3.99 -1.92 -28.56
 3.96 -1.74 -28.39
 3.95 -1.55 -28.24
 3.96 -1.35 -28.10
 3.99 -1.15 -27.97
 4.03 -0.93 -27.84
 4.04 -0.70 -27.70
 4.01 -0.47 -27.53
 3.95 -0.26 -27.35
 3.86 -0.06 -27.14
 3.78 0.12 -26.93
 3.71 0.30 -26.71
 3.66 0.48 -26.51
 3.63 0.69 -26.34
 3.61 0.91 -26.19
 3.58 1.16 -26.06
 3.55 1.40 -25.94
 3.55 1.40 -25.94
 0.02 9.13 -19.32
 -0.08 9.37 -19.12
 -0.18 9.58 -18.92
 -0.26 9.79 -18.71
 -0.33 9.99 -18.47
 -0.40 10.20 -18.19
 -0.47 10.42 -17.89
 -0.55 10.64 -17.58
 -0.65 10.87 -17.27
 -0.78 11.10 -16.97
 -0.92 11.32 -16.69
 -1.06 11.54 -16.44
 -1.18 11.78 -16.19
 -1.26 12.02 -15.94
 -1.30 12.26 -15.67
 -1.32 12.48 -15.39
 -1.32 12.48 -15.39
 -1.29 14.53 -5.68
 -1.20 14.51 -5.58
 -1.12 14.49 -5.50
 -1.05 14.49 -5.43
 -0.97 14.49 -5.41
 -0.91 14.51 -5.41
 -0.84 14.53 -5.46
 -0.78 14.54 -5.52
 -0.70 14.57 -5.60
 -0.60 14.62 -5.69
 -0.51 14.69 -5.78
 -0.43 14.78 -5.87
 -0.35 14.88 -5.96
 -0.27 14.98 -6.07
 -0.22 15.07 -6.20
 -0.19 15.13 -6.34
 -0.19 15.13 -6.34
 5.00 16.96 -14.91
 5.08 17.02 -15.29
 5.14 17.08 -15.69
 5.17 17.15 -16.08
 5.20 17.23 -16.47
 5.21 17.31 -16.86
 5.17 17.39 -17.25
 5.12 17.44 -17.64
 5.12 17.44 -17.64
 4.64 17.66 -25.01
 4.65 17.64 -25.39
 4.69 17.62 -25.77
 4.73 17.61 -26.15
 4.77 17.61 -26.53
 4.78 17.60 -26.90
 4.76 17.61 -27.25
 4.73 17.62 -27.57
 4.67 17.65 -27.87
 4.60 17.69 -28.16
 4.54 17.71 -28.45
 4.49 17.71 -28.76
 4.45 17.69 -29.10
 4.45 17.64 -29.45
 4.47 17.58 -29.80
 4.52 17.52 -30.14
 4.52 17.52 -30.14
 4.28 16.95 -37.60
 4.15 16.88 -37.68
 4.03 16.82 -37.75
 3.93 16.76 -37.82
 3.86 16.70 -37.90
 3.81 16.66 -37.99
 3.79 16.62 -38.08
 3.78 16.57 -38.16
 3.74 16.53 -38.24
 3.69 16.47 -38.30
 3.61 16.41 -38.34
 3.49 16.35 -38.35
 3.35 16.30 -38.33
 3.21 16.25 -38.29
 3.09 16.22 -38.24
 3.00 16.20 -38.19
 3.00 16.20 -38.19
 0.52 11.37 -33.39
 0.52 11.01 -33.13
 0.51 10.66 -32.87
 0.50 10.31 -32.59
 0.50 9.97 -32.31
 0.52 9.64 -32.02
 0.56 9.33 -31.74
 0.64 9.02 -31.47
 0.75 8.72 -31.19
 0.88 8.42 -30.91
 1.00 8.12 -30.64
 1.10 7.80 -30.36
 1.14 7.47 -30.07
 1.15 7.11 -29.76
 1.13 6.76 -29.45
 1.12 6.40 -29.12
 1.14 6.07 -28.80
 1.14 6.07 -28.80
 6.05 -3.08 -20.09
 6.13 -3.29 -19.90
 6.23 -3.50 -19.73
 6.36 -3.70 -19.58
 6.51 -3.88 -19.44
 6.65 -4.04 -19.32
 6.75 -4.16 -19.19
 6.81 -4.25 -19.06
 6.82 -4.34 -18.90
 6.81 -4.42 -18.70
 6.79 -4.49 -18.47
 6.81 -4.56 -18.24
 6.89 -4.66 -18.05
 7.01 -4.79 -17.91
 7.16 -4.94 -17.81
 7.31 -5.10 -17.73
 7.60 -5.41 -17.64
 7.60 -5.41 -17.64
 9.71 -6.42 -17.11
 9.77 -6.43 -17.14
