 -1.20 5.18 -21.50
 -1.05 5.14 -21.57
 -0.95 5.12 -21.62
 -0.89 5.14 -21.64
 -0.88 5.19 -21.62
 -0.94 5.24 -21.57
 -0.98 5.27 -21.53
 -0.99 5.27 -21.54
 -0.99 5.27 -21.54
 -3.23 4.45 -19.60
 -3.38 4.49 -19.51
 -3.56 4.56 -19.40
 -3.74 4.64 -19.29
 -3.91 4.74 -19.17
 -4.05 4.85 -19.05
 -4.16 4.97 -18.95
 -4.21 5.10 -18.85
 -4.23 5.24 -18.75
 -4.27 5.39 -18.64
 -4.36 5.56 -18.49
 -4.50 5.75 -18.31
 -4.70 5.98 -18.10
 -4.94 6.25 -17.87
 -5.17 6.52 -17.65
 -5.38 6.79 -17.45
 -5.38 6.79 -17.45
 -7.76 14.10 -12.52
 -7.74 14.39 -12.37
 -7.75 14.72 -12.21
 -7.80 15.03 -12.04
 -7.87 15.29 -11.84
 -7.91 15.47 -11.62
 -7.95 15.60 -11.39
 -8.00 15.68 -11.13
 -8.06 15.76 -10.85
 -8.17 15.88 -10.54
 -8.32 16.04 -10.22
 -8.48 16.23 -9.92
 -8.60 16.44 -9.63
 -8.62 16.68 -9.36
 -8.55 16.95 -9.11
 -8.39 17.24 -8.86
 -8.39 17.24 -8.86
 -3.67 23.42 1.00
 -3.46 23.44 0.91
 -3.34 23.47 0.79
 -3.30 23.50 0.64
 -3.31 23.54 0.47
 -3.34 23.62 0.30
 -3.38 23.71 0.12
 -3.41 23.81 -0.07
 -3.45 23.87 -0.26
 -3.49 23.88 -0.46
 -3.52 23.85 -0.68
 -3.50 23.79 -0.91
 -3.44 23.74 -1.15
 -3.35 23.71 -1.42
 -3.25 23.71 -1.71
 -3.16 23.72 -2.01
 -3.08 23.76 -2.31
 -3.08 23.76 -2.31
 2.67 26.89 -15.48
 2.62 26.93 -15.83
 2.56 26.96 -16.18
 2.53 27.00 -16.54
 2.55 27.02 -16.92
 2.61 27.04 -17.34
 2.72 27.06 -17.76
 2.82 27.08 -18.18
 2.89 27.08 -18.58
 2.90 27.07 -18.95
 2.88 27.07 -19.28
 2.86 27.08 -19.57
 2.86 27.10 -19.84
 2.92 27.13 -20.12
 3.05 27.16 -20.41
 3.22 27.19 -20.71
 3.22 27.19 -20.71
 7.27 28.10 -32.21
 7.04 28.14 -32.52
 6.77 28.17 -32.82
 6.50 28.21 -33.11
 6.28 28.25 -33.41
 6.16 28.30 -33.72
 6.16 28.36 -34.04
 6.28 28.44 -34.38
 6.48 28.54 -34.70
 6.69 28.65 -35.01
 6.82 28.75 -35.32
 6.86 28.82 -35.62
 6.80 28.85 -35.92
 6.69 28.85 -36.21
 6.59 28.84 -36.50
 6.55 28.82 -36.79
 6.55 28.82 -36.79
 11.53 30.03 -43.49
 11.59 30.13 -43.82
 11.63 30.19 -44.15
 11.67 30.23 -44.50
 11.74 30.28 -44.86
 11.84 30.38 -45.21
 11.94 30.56 -45.52
 12.01 30.76 -45.80
 12.01 30.76 -45.80
 6.65 28.49 -45.10
 6.13 28.09 -44.79
 5.58 27.69 -44.46
 5.04 27.29 -44.12
 4.54 26.90 -43.78
 4.17 26.54 -43.44
 3.96 26.18 -43.11
 3.90 25.83 -42.81
 3.92 25.50 -42.56
 3.91 25.17 -42.35
 3.81 24.88 -42.19
 3.60 24.66 -42.04
 3.27 24.50 -41.89
 2.89 24.39 -41.71
 2.53 24.30 -41.47
 2.22 24.18 -41.20
 2.22 24.18 -41.20
 -2.12 13.57 -30.20
 -2.19 13.35 -29.93
 -2.30 13.11 -29.66
 -2.42 12.86 -29.39
 -2.55 12.61 -29.13
 -2.70 12.38 -28.87
 -2.83 12.17 -28.63
 -2.93 11.98 -28.40
 -2.98 11.82 -28.18
 -2.99 11.68 -27.98
 -2.98 11.56 -27.78
 -2.95 11.44 -27.58
 -2.89 11.31 -27.39
 -2.85 11.17 -27.21
 -2.85 11.01 -27.05
 -2.87 10.84 -26.91
 -2.87 10.84 -26.91
 -3.35 13.28 -22.06
 -3.62 13.25 -21.76
 -3.80 13.20 -21.46
 -3.93 13.17 -21.16
 -3.98 13.16 -20.90
 -3.97 13.17 -20.66
 -3.95 13.17 -20.45
 -3.93 13.17 -20.28
 -3.89 13.16 -20.15
 -3.82 13.14 -20.05
 -3.73 13.13 -19.98
 -3.63 13.13 -19.92
