 4.47 3.32 -15.33
 4.52 3.40 -15.29
 4.57 3.47 -15.28
 4.61 3.52 -15.27
 4.61 3.52 -15.27
 4.46 6.08 -13.23
 4.50 6.01 -13.21
 4.48 5.94 -13.18
 4.39 5.90 -13.12
 4.29 5.91 -13.03
 4.21 5.99 -12.94
 4.14 6.11 -12.82
 4.06 6.26 -12.69
 4.00 6.44 -12.53
 4.00 6.44 -12.53
 1.64 9.18 -9.66
 1.44 9.44 -9.48
 1.24 9.67 -9.31
 1.05 9.85 -9.16
 0.89 9.98 -9.01
 0.76 10.06 -8.85
 0.69 10.10 -8.68
 0.67 10.12 -8.49
 0.69 10.13 -8.31
 0.71 10.16 -8.11
 0.71 10.21 -7.92
 0.66 10.28 -7.74
 0.54 10.40 -7.55
 0.41 10.54 -7.37
 0.27 10.72 -7.17
 0.15 10.92 -6.97
 0.04 11.13 -6.76
 0.04 11.13 -6.76
 -3.16 15.44 0.18
 -3.19 15.48 0.33
 -3.25 15.56 0.48
 -3.33 15.68 0.63
 -3.41 15.83 0.79
 -3.48 15.99 0.94
 -3.53 16.14 1.08
 -3.57 16.24 1.21
 -3.61 16.32 1.33
 -3.64 16.37 1.46
 -3.61 16.39 1.60
 -3.58 16.40 1.76
 -3.54 16.40 1.93
 -3.52 16.43 2.10
 -3.51 16.46 2.26
 -3.52 16.50 2.44
 -3.54 16.55 2.62
 -3.54 16.55 2.62
 -4.44 18.65 7.53
 -4.42 18.74 7.70
 -4.38 18.84 7.85
 -4.33 18.95 8.01
 -4.28 19.05 8.16
 -4.20 19.13 8.32
 -4.10 19.20 8.47
 -3.97 19.24 8.61
 -3.80 19.26 8.74
 -3.60 19.27 8.87
 -3.38 19.27 8.98
 -3.18 19.32 9.09
 -3.06 19.44 9.18
 -3.07 19.63 9.26
 -3.23 19.85 9.30
 -3.49 20.05 9.32
 -3.73 20.21 9.33
 -3.73 20.21 9.33
 -1.14 19.45 5.85
 -1.04 19.38 5.64
 -0.91 19.30 5.41
 -0.75 19.24 5.18
 -0.57 19.19 4.95
 -0.39 19.18 4.72
 -0.22 19.21 4.48
 -0.09 19.27 4.25
 -0.00 19.32 4.02
 0.04 19.36 3.79
 0.06 19.37 3.56
 0.08 19.36 3.34
 0.09 19.33 3.12
 0.10 19.31 2.91
 0.11 19.29 2.69
 0.14 19.27 2.46
 0.19 19.26 2.22
 0.25 19.24 1.96
 0.25 19.24 1.96
 2.14 19.83 -5.83
 2.18 19.88 -6.03
 2.19 19.89 -6.22
 2.19 19.87 -6.41
 2.21 19.81 -6.57
 2.28 19.74 -6.69
 2.40 19.68 -6.78
 2.55 19.64 -6.84
 2.72 19.63 -6.89
 2.91 19.65 -6.97
 3.12 19.70 -7.08
 3.30 19.76 -7.22
 3.43 19.84 -7.39
 3.51 19.93 -7.58
 3.56 20.01 -7.76
 3.63 20.08 -7.95
 3.75 20.13 -8.12
 3.75 20.13 -8.12
 7.55 18.26 -15.37
 7.53 18.25 -15.52
 7.48 18.23 -15.65
 7.42 18.21 -15.75
 7.40 18.19 -15.82
 7.45 18.17 -15.88
 7.53 18.15 -15.96
 7.62 18.13 -16.07
 7.70 18.10 -16.20
 7.76 18.05 -16.33
 7.83 17.98 -16.46
 7.92 17.91 -16.56
 8.02 17.83 -16.64
 8.12 17.76 -16.70
 8.22 17.70 -16.76
 8.30 17.63 -16.83
 8.30 17.63 -16.83
 9.19 16.76 -22.23
 9.26 16.78 -22.38
 9.35 16.79 -22.51
 9.43 16.79 -22.63
 9.51 16.81 -22.74
 9.59 16.86 -22.84
 9.67 16.94 -22.94
 9.75 17.02 -23.02
 9.83 17.08 -23.09
 9.91 17.10 -23.18
 9.99 17.10 -23.28
 10.08 17.09 -23.39
 10.20 17.07 -23.51
 10.34 17.06 -23.62
 10.51 17.07 -23.73
 10.71 17.07 -23.83
 10.71 17.07 -23.83
 9.95 16.10 -25.85
 10.07 15.63 -25.64
 10.27 15.08 -25.41
 10.45 14.48 -25.18
 10.52 13.88 -24.98
 10.43 13.33 -24.83
 10.12 12.84 -24.71
 9.64 12.40 -24.61
 9.09 12.03 -24.51
 8.54 11.72 -24.39
