 -2.97 6.27 -13.85
 -3.14 5.89 -13.93
 -3.19 5.56 -13.99
 -3.29 5.31 -14.06
 -3.29 5.31 -14.06
 -3.86 8.44 -10.90
 -4.01 8.33 -10.76
 -4.12 8.25 -10.61
 -4.21 8.20 -10.44
 -4.27 8.17 -10.26
 -4.32 8.15 -10.07
 -4.39 8.16 -9.88
 -4.49 8.18 -9.67
 -4.58 8.22 -9.46
 -4.67 8.25 -9.25
 -4.76 8.26 -9.05
 -4.86 8.24 -8.85
 -4.98 8.21 -8.65
 -5.08 8.18 -8.45
 -5.19 8.17 -8.24
 -5.28 8.21 -8.04
 -5.37 8.31 -7.84
 -5.37 8.31 -7.84
 -6.29 13.29 1.22
 -6.27 13.36 1.39
 -6.24 13.43 1.57
 -6.23 13.50 1.76
 -6.25 13.60 1.93
 -6.29 13.72 2.11
 -6.36 13.85 2.28
 -6.46 13.96 2.46
 -6.51 14.04 2.64
 -6.48 14.11 2.83
 -6.37 14.20 3.03
 -6.21 14.30 3.24
 -6.06 14.39 3.47
 -5.98 14.46 3.71
 -5.97 14.50 3.92
 -6.02 14.52 4.11
 -6.10 14.52 4.28
 -6.10 14.52 4.28
 -3.79 12.99 11.93
 -3.68 12.87 11.79
 -3.67 12.74 11.66
 -3.73 12.63 11.56
 -3.82 12.56 11.49
 -3.87 12.53 11.44
 -3.90 12.52 11.39
 -3.85 12.53 11.33
 -3.76 12.55 11.23
 -3.66 12.59 11.09
 -3.58 12.64 10.92
 -3.53 12.69 10.74
 -3.52 12.71 10.59
 -3.52 12.69 10.42
 -3.50 12.63 10.23
 -3.42 12.58 10.00
 -3.42 12.58 10.00
 -2.11 13.70 1.51
 -1.91 13.84 1.19
 -1.73 14.02 0.84
 -1.58 14.22 0.49
 -1.47 14.41 0.15
 -1.37 14.58 -0.17
 -1.25 14.69 -0.49
 -1.06 14.78 -0.80
 -0.78 14.86 -1.14
 -0.47 14.95 -1.52
 -0.21 15.08 -1.93
 -0.02 15.22 -2.36
 0.10 15.38 -2.80
 0.13 15.53 -3.23
 0.09 15.70 -3.61
 0.04 15.89 -3.93
 0.03 16.09 -4.18
 0.03 16.09 -4.18
 3.14 18.30 -17.93
 3.26 18.24 -18.20
 3.27 18.12 -18.50
 3.18 17.98 -18.80
 3.02 17.84 -19.07
 2.84 17.74 -19.31
 2.69 17.67 -19.51
 2.62 17.63 -19.70
 2.59 17.59 -19.90
 2.52 17.54 -20.14
 2.43 17.49 -20.40
 2.33 17.44 -20.67
 2.21 17.38 -20.96
 2.11 17.35 -21.25
 2.03 17.34 -21.52
 2.01 17.38 -21.76
 2.06 17.47 -21.97
 2.06 17.47 -21.97
 0.75 20.23 -30.18
 0.55 20.25 -30.09
 0.31 20.24 -29.98
 0.06 20.19 -29.86
 -0.20 20.08 -29.76
 -0.53 19.93 -29.68
 -0.91 19.77 -29.59
 -1.28 19.63 -29.49
 -1.59 19.52 -29.36
 -1.83 19.41 -29.21
 -1.99 19.28 -29.04
 -2.10 19.15 -28.85
 -2.16 19.01 -28.66
 -2.23 18.87 -28.48
 -2.31 18.76 -28.28
 -2.39 18.65 -28.07
 -2.39 18.65 -28.07
 -2.77 14.82 -19.97
 -2.77 14.83 -19.79
 -2.76 14.81 -19.62
 -2.74 14.76 -19.49
 -2.70 14.71 -19.36
 -2.66 14.65 -19.25
 -2.58 14.61 -19.13
 -2.49 14.59 -19.00
 -2.38 14.58 -18.85
 -2.26 14.59 -18.70
 -2.11 14.61 -18.54
 -1.96 14.61 -18.39
 -1.82 14.59 -18.23
 -1.68 14.56 -18.06
 -1.56 14.51 -17.88
 -1.48 14.43 -17.69
 -1.48 14.43 -17.69
 0.69 10.73 -11.79
 0.81 10.66 -11.69
 0.89 10.59 -11.57
 0.93 10.52 -11.43
 0.97 10.42 -11.28
 1.02 10.29 -11.14
 1.08 10.13 -11.01
 1.13 9.96 -10.90
 1.18 9.82 -10.79
 1.24 9.70 -10.68
 1.30 9.62 -10.58
 1.39 9.55 -10.50
 1.51 9.48 -10.44
 1.65 9.41 -10.38
 1.80 9.33 -10.33
 1.94 9.23 -10.28
 2.04 9.13 -10.21
 2.04 9.13 -10.21
 3.47 5.66 -8.27
 3.52 5.61 -8.25
 3.59 5.53 -8.23
 3.67 5.45 -8.21
