 2.60 2.12 -20.88
 2.57 2.13 -20.83
 2.51 2.14 -20.78
 2.49 2.14 -20.75
 2.49 2.07 -20.77
 2.55 1.97 -20.82
 2.60 1.88 -20.85
 2.73 1.87 -20.81
 2.82 2.08 -20.69
 2.66 2.36 -20.53
 2.66 2.36 -20.53
 1.92 0.59 -17.99
 1.83 0.55 -17.86
 1.74 0.53 -17.74
 1.63 0.54 -17.61
 1.54 0.57 -17.46
 1.47 0.61 -17.29
 1.38 0.66 -17.10
 1.25 0.72 -16.90
 1.08 0.81 -16.68
 0.86 0.93 -16.44
 0.57 1.09 -16.17
 0.27 1.27 -15.88
 -0.02 1.47 -15.59
 -0.25 1.66 -15.29
 -0.44 1.85 -14.99
 -0.54 2.03 -14.70
 -0.61 2.20 -14.41
 -0.61 2.20 -14.41
 -3.32 7.07 -5.81
 -3.27 7.36 -5.48
 -3.28 7.62 -5.14
 -3.37 7.84 -4.80
 -3.51 8.03 -4.47
 -3.60 8.21 -4.17
 -3.64 8.39 -3.91
 -3.61 8.62 -3.69
 -3.57 8.91 -3.51
 -3.57 8.91 -3.51
 -3.42 10.90 -0.98
 -3.31 10.73 -0.94
 -3.24 10.61 -0.90
 -3.23 10.54 -0.84
 -3.28 10.51 -0.75
 -3.39 10.53 -0.64
 -3.54 10.58 -0.51
 -3.72 10.66 -0.35
 -3.84 10.77 -0.16
 -3.92 10.90 0.04
 -3.96 11.06 0.26
 -3.99 11.26 0.48
 -4.02 11.46 0.68
 -4.02 11.64 0.86
 -4.02 11.77 1.01
 -4.00 11.83 1.13
 -3.97 11.83 1.22
 -3.97 11.83 1.22
 -1.72 10.54 -0.46
 -1.55 10.57 -0.53
 -1.34 10.60 -0.59
 -1.18 10.64 -0.66
 -1.07 10.69 -0.72
 -1.01 10.76 -0.79
 -1.00 10.85 -0.86
 -1.02 10.95 -0.93
 -1.05 11.07 -1.00
 -1.08 11.20 -1.08
 -1.10 11.34 -1.17
 -1.10 11.50 -1.26
 -1.10 11.66 -1.36
 -1.09 11.82 -1.46
 -1.12 11.99 -1.55
 -1.22 12.15 -1.63
 -1.22 12.15 -1.63
 -0.34 11.06 -5.44
 -0.22 11.06 -5.69
 -0.10 11.05 -5.92
 0.03 11.03 -6.15
 0.13 11.01 -6.38
 0.23 10.98 -6.59
 0.32 10.94 -6.78
 0.42 10.91 -6.94
 0.42 10.91 -6.94
 1.69 10.69 -9.89
 1.74 10.70 -10.01
 1.79 10.69 -10.14
 1.82 10.67 -10.29
 1.81 10.62 -10.44
 1.79 10.58 -10.58
 1.77 10.54 -10.73
 1.73 10.51 -10.86
 1.72 10.49 -10.98
 1.75 10.47 -11.07
 1.81 10.44 -11.15
 1.90 10.39 -11.21
 1.99 10.32 -11.26
 2.02 10.23 -11.28
 2.01 10.14 -11.28
 1.96 10.06 -11.26
 1.96 10.06 -11.26
 1.15 11.00 -16.14
 1.12 10.93 -16.47
 1.09 10.87 -16.82
 1.07 10.81 -17.18
 1.04 10.76 -17.52
 0.93 10.73 -17.82
 0.76 10.72 -18.10
 0.56 10.76 -18.35
 0.38 10.83 -18.55
 0.22 10.92 -18.69
 0.08 11.04 -18.79
 -0.05 11.16 -18.87
 -0.18 11.28 -18.95
 -0.30 11.38 -19.05
 -0.39 11.44 -19.19
 -0.45 11.45 -19.37
 -0.45 11.45 -19.37
 -5.29 9.24 -22.46
 -5.73 9.36 -22.54
 -6.02 9.43 -22.58
 -6.19 9.44 -22.55
 -6.32 9.41 -22.45
 -6.47 9.35 -22.27
 -6.69 9.30 -22.05
 -7.00 9.28 -21.84
 -7.34 9.31 -21.69
 -7.65 9.31 -21.62
 -7.88 9.26 -21.57
 -8.04 9.17 -21.50
 -8.19 9.06 -21.39
 -8.33 8.96 -21.23
 -8.49 8.88 -21.04
 -8.68 8.85 -20.83
 -8.68 8.85 -20.83
 -7.63 7.20 -13.64
 -7.81 7.58 -13.56
 -7.86 7.94 -13.48
 -7.73 8.26 -13.39
 -7.47 8.48 -13.27
 -7.15 8.60 -13.11
 -6.78 8.61 -12.94
 -6.40 8.53 -12.78
 -6.06 8.35 -12.63
 -5.79 8.12 -12.51
 -5.55 7.87 -12.41
 -5.33 7.62 -12.32
 -5.09 7.38 -12.23
 -4.78 7.17 -12.13
 -4.41 6.99 -12.03
 -4.04 6.86 -11.91
