 -4.23 4.61 -12.11
 -4.68 4.89 -12.06
 -5.04 4.97 -12.01
 -5.19 4.87 -11.97
 -5.14 4.68 -11.95
 -5.00 4.43 -11.94
 -4.82 4.18 -11.94
 -4.60 3.94 -11.92
 -4.36 3.72 -11.90
 -4.10 3.52 -11.86
 -3.89 3.36 -11.82
 -3.75 3.25 -11.78
 -3.68 3.20 -11.72
 -3.71 3.21 -11.64
 -3.71 3.21 -11.64
 -8.22 6.82 -7.34
 -8.44 7.01 -7.14
 -8.64 7.21 -6.97
 -8.84 7.40 -6.81
 -9.07 7.58 -6.65
 -9.34 7.74 -6.47
 -9.60 7.90 -6.27
 -9.80 8.05 -6.04
 -9.92 8.15 -5.77
 -9.99 8.22 -5.50
 -10.04 8.23 -5.23
 -10.06 8.17 -4.99
 -10.04 8.08 -4.78
 -10.00 8.00 -4.60
 -9.95 7.96 -4.44
 -9.88 7.99 -4.31
 -9.81 8.07 -4.20
 -9.81 8.07 -4.20
 -10.42 11.24 -1.05
 -10.50 11.47 -0.93
 -10.54 11.71 -0.81
 -10.56 11.95 -0.71
 -10.56 12.17 -0.62
 -10.57 12.38 -0.55
 -10.58 12.58 -0.47
 -10.59 12.75 -0.38
 -10.58 12.90 -0.29
 -10.55 13.02 -0.19
 -10.51 13.12 -0.09
 -10.47 13.19 0.01
 -10.40 13.25 0.11
 -10.28 13.28 0.22
 -10.11 13.29 0.34
 -9.94 13.27 0.46
 -9.94 13.27 0.46
 -8.98 15.25 2.71
 -9.21 15.39 2.69
 -9.47 15.54 2.66
 -9.73 15.68 2.63
 -9.94 15.81 2.59
 -10.10 15.90 2.54
 -10.19 15.97 2.48
 -10.22 16.00 2.40
 -10.21 15.99 2.30
 -10.19 15.96 2.17
 -10.16 15.89 1.99
 -10.11 15.79 1.78
 -10.04 15.67 1.55
 -9.94 15.54 1.32
 -9.83 15.40 1.10
 -9.72 15.28 0.89
 -9.62 15.16 0.69
 -9.62 15.16 0.69
 -7.41 16.25 -8.16
 -7.38 16.36 -8.49
 -7.39 16.48 -8.82
 -7.41 16.59 -9.16
 -7.43 16.70 -9.51
 -7.44 16.82 -9.85
 -7.45 16.95 -10.18
 -7.46 17.06 -10.49
 -7.43 17.13 -10.78
 -7.35 17.15 -11.06
 -7.26 17.11 -11.35
 -7.21 17.02 -11.66
 -7.18 16.89 -11.97
 -7.15 16.74 -12.28
 -7.10 16.60 -12.57
 -7.04 16.50 -12.84
 -7.04 16.50 -12.84
 -5.46 14.64 -20.50
 -5.38 14.58 -20.56
 -5.32 14.54 -20.67
 -5.28 14.51 -20.77
 -5.24 14.51 -20.84
 -5.19 14.53 -20.89
 -5.17 14.58 -20.93
 -5.22 14.65 -21.02
 -5.33 14.71 -21.17
 -5.47 14.75 -21.37
 -5.62 14.78 -21.59
 -5.77 14.78 -21.82
 -5.87 14.75 -22.01
 -5.87 14.72 -22.16
 -5.77 14.68 -22.25
 -5.63 14.64 -22.28
 -5.63 14.64 -22.28
 -6.70 14.65 -29.61
 -7.32 14.84 -29.66
 -7.86 15.00 -29.66
 -8.34 15.12 -29.58
 -8.77 15.18 -29.45
 -9.18 15.18 -29.26
 -9.56 15.14 -29.05
 -9.94 15.05 -28.85
 -10.33 14.94 -28.66
 -10.72 14.83 -28.48
 -11.13 14.72 -28.31
 -11.53 14.64 -28.16
 -11.91 14.57 -28.04
 -12.25 14.50 -27.93
 -12.56 14.43 -27.82
 -12.56 14.43 -27.82
 -16.56 11.29 -20.14
 -16.43 11.16 -19.77
 -16.30 11.04 -19.39
 -16.15 10.93 -18.99
 -15.96 10.82 -18.56
 -15.70 10.72 -18.13
 -15.40 10.65 -17.70
 -15.08 10.60 -17.30
 -14.81 10.57 -16.94
 -14.65 10.56 -16.62
 -14.62 10.59 -16.32
 -14.66 10.61 -16.01
 -14.68 10.63 -15.67
 -14.63 10.65 -15.29
 -14.49 10.65 -14.90
 -14.49 10.65 -14.90
 -10.51 10.02 -10.40
 -10.42 9.91 -10.28
 -10.30 9.79 -10.14
 -10.16 9.66 -9.98
 -10.03 9.54 -9.81
 -9.95 9.41 -9.66
 -9.93 9.29 -9.54
 -9.93 9.19 -9.45
 -9.90 9.10 -9.37
 -9.83 9.02 -9.29
 -9.74 8.95 -9.19
 -9.63 8.86 -9.09
 -9.52 8.76 -8.98
 -9.46 8.64 -8.86
 -9.44 8.51 -8.76
 -9.46 8.38 -8.67
