 -15.17 -21.32 -59.00
 -15.23 -21.40 -59.02
 -15.28 -21.48 -59.03
 -15.33 -21.55 -59.03
 -15.39 -21.62 -59.01
 -15.44 -21.66 -58.99
 -15.47 -21.69 -58.97
 -15.46 -21.72 -58.95
 -15.44 -21.75 -58.94
 -15.42 -21.78 -58.94
 -15.41 -21.82 -58.93
 -15.43 -21.85 -58.93
 -15.48 -21.89 -58.93
 -15.48 -21.89 -58.93
 -14.78 -22.13 -58.40
 -14.71 -22.06 -58.19
 -14.67 -21.97 -57.90
 -14.70 -21.87 -57.54
 -14.80 -21.76 -57.08
 -14.97 -21.62 -56.51
 -15.16 -21.40 -55.82
 -15.34 -21.08 -55.05
 -15.42 -20.60 -54.24
 -15.28 -19.91 -53.45
 -14.76 -18.96 -52.76
 -13.78 -17.74 -52.21
 -12.35 -16.25 -51.79
 -10.64 -14.55 -51.44
 -10.64 -14.55 -51.44
 8.03 10.57 -25.47
 7.99 10.81 -25.35
 7.93 11.00 -25.26
 7.87 11.13 -25.20
 7.81 11.21 -25.17
 7.76 11.26 -25.15
 7.73 11.26 -25.15
 7.72 11.23 -25.16
 7.71 11.17 -25.19
 7.68 11.11 -25.23
 7.65 11.07 -25.29
 7.64 11.04 -25.35
 7.65 11.02 -25.40
 7.66 11.02 -25.45
 7.68 11.03 -25.49
 7.71 11.04 -25.54
 7.71 11.04 -25.54
 8.19 11.96 -30.90
 8.13 12.03 -31.61
 8.07 12.07 -32.38
 8.01 12.11 -33.20
 7.95 12.16 -34.08
 7.88 12.22 -35.02
 7.81 12.30 -36.01
 7.77 12.38 -37.04
 7.75 12.45 -38.11
 7.72 12.50 -39.21
 7.63 12.53 -40.35
 7.46 12.56 -41.53
 7.27 12.58 -42.77
 7.14 12.58 -44.05
 7.10 12.57 -45.40
 7.16 12.53 -46.80
 7.16 12.53 -46.80
 7.38 16.72 -79.47
 7.33 16.66 -79.95
 7.34 16.57 -80.36
 7.43 16.46 -80.72
 7.54 16.35 -81.05
 7.67 16.23 -81.34
 7.75 16.12 -81.63
 7.74 16.04 -81.92
 7.66 15.98 -82.22
 7.52 15.96 -82.51
 7.34 15.96 -82.80
 7.16 15.97 -83.06
 7.08 15.96 -83.27
 7.12 15.95 -83.43
 7.22 15.94 -83.55
 7.30 15.93 -83.65
 7.30 15.93 -83.65
 4.49 12.16 -82.69
 4.16 11.63 -82.23
 3.81 11.05 -81.69
 3.38 10.42 -81.10
 2.86 9.72 -80.46
 2.30 8.98 -79.79
 1.74 8.18 -79.11
 1.16 7.34 -78.42
 0.51 6.45 -77.73
 -0.14 5.50 -76.98
 -0.70 4.48 -76.16
 -1.18 3.39 -75.30
 -1.61 2.27 -74.46
 -2.04 1.15 -73.67
 -2.55 0.03 -72.94
 -3.16 -1.07 -72.22
 -3.84 -2.17 -71.49
 -3.84 -2.17 -71.49
 -15.04 -45.07 -36.52
 -14.90 -45.27 -36.22
 -14.66 -45.36 -36.07
 -14.33 -45.37 -36.00
 -13.98 -45.35 -35.92
 -13.65 -45.29 -35.80
 -13.35 -45.21 -35.68
 -13.10 -45.11 -35.59
 -12.89 -44.99 -35.50
 -12.71 -44.85 -35.40
 -12.54 -44.72 -35.29
 -12.39 -44.57 -35.17
 -12.27 -44.41 -35.03
 -12.21 -44.24 -34.87
 -12.21 -44.24 -34.87
 -11.96 -43.00 -34.93
 -11.99 -43.04 -34.93
 -12.00 -43.07 -34.93
 -11.99 -43.09 -34.94
 -11.98 -43.10 -34.95
 -11.99 -43.08 -34.94
 -12.02 -43.06 -34.94
 -12.05 -43.03 -34.94
 -12.06 -42.99 -34.97
 -12.05 -42.95 -35.00
 -12.01 -42.90 -35.03
 -11.97 -42.87 -35.05
 -11.94 -42.85 -35.07
 -11.94 -42.85 -35.09
 -11.96 -42.86 -35.12
 -11.96 -42.86 -35.12
 -12.32 -43.14 -35.38
 -12.33 -43.16 -35.38
 -12.37 -43.18 -35.38
 -12.40 -43.20 -35.37
 -12.41 -43.21 -35.37
 -12.39 -43.21 -35.37
 -12.36 -43.21 -35.38
 -12.34 -43.19 -35.39
 -12.34 -43.17 -35.39
 -12.36 -43.13 -35.40
 -12.37 -43.10 -35.41
 -12.37 -43.06 -35.43
 -12.37 -43.03 -35.44
 -12.37 -43.01 -35.44
 -12.37 -43.01 -35.44
 -12.35 -42.87 -35.70
 -12.34 -42.87 -35.71
 -12.33 -42.85 -35.71
 -12.33 -42.84 -35.72
 -12.34 -42.81 -35.73
 -12.36 -42.80 -35.75
