 3.87 3.71 -13.88
 3.91 3.77 -13.93
 3.96 3.80 -14.00
 3.96 3.80 -14.00
 4.52 3.18 -14.25
 4.41 3.48 -14.04
 4.31 3.72 -13.82
 4.24 3.92 -13.60
 4.19 4.08 -13.41
 4.13 4.24 -13.23
 4.06 4.38 -13.07
 4.02 4.50 -12.94
 4.05 4.58 -12.81
 4.13 4.60 -12.69
 4.24 4.56 -12.57
 4.33 4.50 -12.46
 4.42 4.42 -12.33
 4.50 4.37 -12.20
 4.57 4.36 -12.05
 4.60 4.39 -11.90
 4.60 4.46 -11.74
 4.60 4.46 -11.74
 2.68 9.63 -3.28
 2.57 9.74 -3.02
 2.44 9.86 -2.79
 2.31 9.98 -2.57
 2.21 10.10 -2.35
 2.12 10.23 -2.11
 2.04 10.36 -1.87
 1.98 10.51 -1.62
 1.93 10.65 -1.35
 1.85 10.80 -1.08
 1.68 10.96 -0.79
 1.44 11.13 -0.49
 1.17 11.32 -0.18
 0.92 11.51 0.14
 0.73 11.71 0.49
 0.59 11.93 0.84
 0.46 12.16 1.21
 0.28 12.41 1.58
 0.28 12.41 1.58
 -4.69 17.25 9.95
 -4.70 17.26 10.22
 -4.73 17.24 10.51
 -4.79 17.21 10.83
 -4.90 17.17 11.14
 -5.05 17.14 11.43
 -5.20 17.13 11.69
 -5.31 17.14 11.93
 -5.40 17.19 12.16
 -5.46 17.27 12.39
 -5.51 17.34 12.62
 -5.57 17.40 12.87
 -5.63 17.42 13.13
 -5.68 17.41 13.39
 -5.73 17.39 13.63
 -5.76 17.36 13.83
 -5.76 17.36 13.83
 -1.32 19.16 9.95
 -1.26 19.28 9.70
 -1.23 19.38 9.45
 -1.22 19.45 9.20
 -1.20 19.50 8.96
 -1.17 19.54 8.71
 -1.13 19.58 8.47
 -1.08 19.63 8.21
 -1.03 19.66 7.94
 -0.96 19.69 7.66
 -0.88 19.71 7.37
 -0.79 19.74 7.07
 -0.74 19.77 6.77
 -0.71 19.82 6.48
 -0.67 19.89 6.21
 -0.58 19.95 5.95
 -0.45 19.99 5.71
 -0.35 20.02 5.84
 -0.35 20.02 5.84
 5.29 21.32 -6.19
 5.45 21.27 -6.57
 5.62 21.22 -6.95
 5.83 21.15 -7.33
 6.05 21.07 -7.70
 6.26 21.01 -8.06
 6.46 20.94 -8.41
 6.63 20.87 -8.76
 6.78 20.82 -9.08
 6.92 20.77 -9.38
 7.05 20.73 -9.66
 7.17 20.71 -9.94
 7.29 20.70 -10.22
 7.40 20.71 -10.52
 7.51 20.73 -10.83
 7.62 20.77 -11.16
 7.74 20.81 -11.49
 7.74 20.81 -11.49
 14.33 21.97 -18.30
 14.37 22.07 -18.38
 14.34 22.17 -18.45
 14.27 22.26 -18.54
 14.19 22.35 -18.62
 14.12 22.42 -18.70
 14.09 22.48 -18.78
 14.09 22.51 -18.86
 14.10 22.50 -18.94
 14.10 22.45 -19.00
 14.08 22.38 -19.04
 14.03 22.27 -19.07
 13.98 22.14 -19.09
 13.91 22.00 -19.10
 13.82 21.84 -19.11
 13.70 21.68 -19.12
 13.70 21.68 -19.12
 8.13 12.32 -13.82
 7.99 12.16 -13.50
 7.88 11.95 -13.18
 7.81 11.70 -12.86
 7.79 11.42 -12.55
 7.79 11.10 -12.25
 7.80 10.75 -11.96
 7.82 10.38 -11.67
 7.86 10.00 -11.40
 7.93 9.59 -11.14
 8.00 9.18 -10.90
 8.08 8.79 -10.68
 8.16 8.43 -10.46
 8.22 8.12 -10.22
 8.23 7.85 -9.97
 8.19 7.62 -9.69
 8.12 7.42 -9.41
 8.12 7.42 -9.41
 9.62 1.37 -3.93
 9.54 1.32 -3.80
 9.45 1.29 -3.65
 9.33 1.27 -3.47
 9.19 1.25 -3.28
 9.04 1.21 -3.11
 8.94 1.16 -2.96
 8.93 1.10 -2.85
 9.01 1.05 -2.76
 9.14 1.00 -2.69
 9.26 0.96 -2.63
 9.32 0.93 -2.59
 9.33 0.87 -2.55
 9.30 0.79 -2.53
 9.25 0.68 -2.52
 9.24 0.56 -2.51
 9.29 0.44 -2.51
 9.43 0.33 -2.52
 9.43 0.33 -2.52
 10.50 0.43 -1.39
