 -0.76 5.87 -24.51
 -0.89 6.24 -24.47
 -1.04 6.66 -24.43
 -1.24 7.01 -24.38
 -1.24 7.01 -24.38
 -1.94 8.36 -23.66
 -1.94 8.44 -23.63
 -1.86 8.50 -23.63
 -1.70 8.51 -23.66
 -1.54 8.46 -23.72
 -1.40 8.37 -23.82
 -1.33 8.27 -23.92
 -1.33 8.17 -24.00
 -1.36 8.09 -24.05
 -1.40 8.04 -24.07
 -1.45 8.00 -24.06
 -1.54 7.94 -24.04
 -1.68 7.87 -23.99
 -1.87 7.79 -23.93
 -2.10 7.75 -23.85
 -2.36 7.77 -23.73
 -2.36 7.77 -23.73
 -5.54 12.97 -16.85
 -5.60 13.16 -16.62
 -5.63 13.35 -16.39
 -5.63 13.56 -16.15
 -5.62 13.83 -15.89
 -5.64 14.14 -15.59
 -5.73 14.50 -15.26
 -5.86 14.87 -14.91
 -5.86 14.87 -14.91
 -5.41 19.60 -10.16
 -5.39 19.87 -9.90
 -5.39 20.13 -9.61
 -5.40 20.34 -9.32
 -5.42 20.49 -9.02
 -5.46 20.56 -8.71
 -5.47 20.61 -8.41
 -5.48 20.68 -8.11
 -5.49 20.81 -7.83
 -5.49 21.03 -7.54
 -5.49 21.32 -7.24
 -5.48 21.63 -6.94
 -5.47 21.91 -6.64
 -5.46 22.14 -6.32
 -5.48 22.32 -6.01
 -5.52 22.47 -5.71
 -5.52 22.47 -5.71
 -3.66 26.10 3.36
 -3.49 26.10 3.40
 -3.35 26.09 3.42
 -3.21 26.08 3.41
 -3.06 26.08 3.38
 -2.91 26.13 3.34
 -2.76 26.19 3.27
 -2.62 26.28 3.18
 -2.51 26.39 3.07
 -2.44 26.52 2.94
 -2.38 26.65 2.80
 -2.34 26.80 2.64
 -2.32 26.94 2.46
 -2.29 27.08 2.27
 -2.25 27.18 2.07
 -2.18 27.25 1.85
 -2.08 27.30 1.61
 -2.08 27.30 1.61
 3.06 32.99 -11.58
 3.17 33.15 -12.07
 3.31 33.27 -12.56
 3.47 33.34 -13.07
 3.64 33.37 -13.57
 3.78 33.38 -14.08
 3.85 33.37 -14.59
 3.86 33.34 -15.09
 3.83 33.30 -15.57
 3.77 33.25 -16.03
 3.68 33.21 -16.45
 3.56 33.17 -16.85
 3.41 33.14 -17.22
 3.22 33.10 -17.58
 2.98 33.06 -17.94
 2.70 33.00 -18.29
 2.70 33.00 -18.29
 5.63 30.85 -28.29
 5.77 30.78 -28.51
 5.94 30.76 -28.70
 6.15 30.77 -28.86
 6.37 30.85 -29.00
 6.59 30.98 -29.13
 6.83 31.13 -29.26
 7.09 31.23 -29.42
 7.37 31.28 -29.62
 7.68 31.29 -29.83
 8.00 31.31 -30.06
 8.34 31.36 -30.28
 8.70 31.48 -30.49
 9.10 31.66 -30.71
 9.50 31.88 -30.94
 9.88 32.07 -31.22
 9.88 32.07 -31.22
 7.38 30.49 -39.81
 7.05 30.08 -39.62
 6.74 29.69 -39.41
 6.49 29.31 -39.17
 6.30 28.95 -38.92
 6.18 28.57 -38.66
 6.10 28.20 -38.40
 6.06 27.82 -38.14
 6.01 27.43 -37.89
 5.95 27.03 -37.66
 5.87 26.65 -37.43
 5.77 26.27 -37.22
 5.66 25.90 -37.00
 5.54 25.56 -36.77
 5.42 25.24 -36.52
 5.31 24.95 -36.25
 5.31 24.95 -36.25
 2.49 16.09 -25.51
 2.60 15.78 -25.32
 2.70 15.51 -25.12
 2.76 15.27 -24.91
 2.79 15.04 -24.69
 2.80 14.80 -24.46
 2.81 14.53 -24.22
 2.82 14.24 -23.98
 2.82 14.24 -23.98
 3.89 12.09 -20.56
 4.01 11.92 -20.47
 4.14 11.74 -20.38
 4.29 11.56 -20.30
 4.45 11.40 -20.21
 4.62 11.26 -20.13
 4.78 11.14 -20.04
 4.91 11.07 -19.94
 5.05 11.06 -19.84
 5.19 11.10 -19.75
 5.33 11.15 -19.66
 5.42 11.16 -19.59
 5.49 11.10 -19.52
 5.54 10.99 -19.45
 5.60 10.85 -19.37
 5.64 10.71 -19.26
 5.64 10.71 -19.26
 6.60 8.70 -17.75
 6.58 8.68 -17.78
 6.56 8.68 -17.81
 6.53 8.71 -17.83
 6.49 8.75 -17.84
 6.44 8.81 -17.83
 6.37 8.86 -17.81
