 5.00 10.13 -18.11
 5.21 9.83 -18.23
 5.21 9.83 -18.23
 6.08 8.86 -17.44
 5.92 8.97 -17.43
 5.69 9.04 -17.39
 5.44 9.07 -17.30
 5.24 9.06 -17.18
 5.10 9.02 -17.02
 4.95 8.98 -16.86
 4.77 8.94 -16.68
 4.56 8.91 -16.49
 4.34 8.90 -16.29
 4.16 8.91 -16.08
 4.03 8.97 -15.88
 3.93 9.06 -15.68
 3.84 9.18 -15.49
 3.77 9.30 -15.30
 3.75 9.39 -15.12
 3.78 9.43 -14.95
 3.78 9.43 -14.95
 2.14 14.84 -5.90
 1.97 15.12 -5.68
 1.77 15.39 -5.47
 1.58 15.65 -5.26
 1.46 15.88 -5.04
 1.47 16.07 -4.80
 1.57 16.23 -4.56
 1.69 16.34 -4.34
 1.78 16.41 -4.15
 1.84 16.49 -3.99
 1.88 16.59 -3.85
 1.92 16.73 -3.70
 1.93 16.90 -3.54
 1.93 17.08 -3.36
 1.94 17.27 -3.15
 1.96 17.44 -2.94
 1.94 17.62 -2.71
 1.94 17.62 -2.71
 -1.44 20.75 3.11
 -1.58 20.82 3.18
 -1.65 20.90 3.23
 -1.63 20.99 3.27
 -1.61 21.07 3.30
 -1.62 21.13 3.33
 -1.68 21.16 3.35
 -1.78 21.16 3.40
 -1.88 21.15 3.48
 -1.97 21.16 3.56
 -2.07 21.21 3.63
 -2.15 21.31 3.69
 -2.20 21.44 3.74
 -2.22 21.59 3.79
 -2.24 21.75 3.84
 -2.27 21.90 3.88
 -2.32 22.04 3.91
 -2.32 22.04 3.91
 -1.55 22.48 3.34
 -1.40 22.60 3.12
 -1.26 22.72 2.87
 -1.12 22.80 2.59
 -0.94 22.87 2.33
 -0.72 22.93 2.07
 -0.50 23.00 1.83
 -0.27 23.09 1.62
 -0.06 23.20 1.42
 0.09 23.31 1.22
 0.19 23.42 1.00
 0.23 23.53 0.76
 0.23 23.63 0.48
 0.22 23.72 0.17
 0.26 23.80 -0.13
 0.36 23.86 -0.43
 0.53 23.91 -0.71
 0.53 23.91 -0.71
 4.10 25.03 -9.76
 4.19 25.00 -10.12
 4.32 24.98 -10.49
 4.49 24.95 -10.86
 4.70 24.92 -11.21
 4.91 24.88 -11.57
 5.11 24.85 -11.91
 5.31 24.85 -12.23
 5.52 24.86 -12.56
 5.73 24.89 -12.89
 5.93 24.94 -13.21
 6.11 25.00 -13.51
 6.26 25.09 -13.79
 6.40 25.18 -14.04
 6.54 25.26 -14.27
 6.69 25.30 -14.49
 6.69 25.30 -14.49
 10.14 24.61 -21.65
 10.20 24.63 -21.85
 10.28 24.65 -22.07
 10.38 24.68 -22.28
 10.52 24.71 -22.50
 10.68 24.73 -22.72
 10.83 24.74 -22.93
 10.98 24.76 -23.13
 11.13 24.78 -23.34
 11.27 24.81 -23.54
 11.40 24.86 -23.75
 11.50 24.92 -23.96
 11.58 24.99 -24.17
 11.65 25.04 -24.36
 11.73 25.08 -24.53
 11.87 25.11 -24.70
 11.87 25.11 -24.70
 14.86 26.85 -28.55
 14.34 26.53 -28.57
 13.77 26.20 -28.57
 13.21 25.84 -28.55
 12.67 25.46 -28.49
 12.18 25.10 -28.39
 11.76 24.76 -28.25
 11.41 24.47 -28.08
 11.09 24.21 -27.89
 10.75 23.96 -27.70
 10.40 23.72 -27.52
 10.07 23.49 -27.32
 9.78 23.25 -27.09
 9.53 23.01 -26.84
 9.32 22.79 -26.58
 9.14 22.57 -26.33
 9.14 22.57 -26.33
 8.95 13.12 -18.06
 9.00 12.91 -17.88
 9.08 12.69 -17.70
 9.15 12.49 -17.51
 9.17 12.29 -17.32
 9.15 12.11 -17.12
 9.10 11.93 -16.91
 9.04 11.76 -16.71
 9.00 11.60 -16.52
 9.02 11.43 -16.34
 9.10 11.25 -16.18
 9.24 11.06 -16.03
 9.35 10.90 -15.88
 9.38 10.75 -15.75
 9.35 10.60 -15.62
 9.35 10.44 -15.49
 9.35 10.44 -15.49
 1.70 6.15 -13.63
 1.61 6.36 -13.75
 1.57 6.56 -13.87
 1.64 6.74 -14.00
 1.78 6.91 -14.15
 1.91 7.05 -14.30
 2.02 7.17 -14.45
