 -5.38 -7.64 -16.32
 -5.41 -8.21 -16.61
 -5.40 -8.72 -16.87
 -5.39 -9.18 -17.10
 -5.43 -9.58 -17.31
 -5.52 -9.93 -17.49
 -5.61 -10.27 -17.64
 -5.61 -10.63 -17.78
 -5.54 -11.04 -17.91
 -5.47 -11.51 -18.01
 -5.45 -12.01 -18.10
 -5.44 -12.53 -18.19
 -5.45 -13.06 -18.29
 -5.44 -13.59 -18.39
 -5.42 -14.12 -18.48
 -5.42 -14.12 -18.48
 -4.22 -28.79 -13.59
 -4.26 -29.05 -13.47
 -4.28 -29.29 -13.39
 -4.31 -29.52 -13.34
 -4.39 -29.74 -13.28
 -4.50 -29.94 -13.20
 -4.63 -30.13 -13.12
 -4.74 -30.31 -13.07
 -4.86 -30.51 -13.04
 -5.01 -30.71 -13.01
 -5.16 -30.89 -12.98
 -5.30 -31.06 -12.95
 -5.41 -31.22 -12.92
 -5.49 -31.41 -12.92
 -5.57 -31.61 -12.93
 -5.57 -31.61 -12.93
 -8.37 7.57 -0.27
 -7.84 8.44 1.06
 -7.19 9.18 2.37
 -6.56 9.67 3.60
 -6.07 9.89 4.70
 -5.67 9.87 5.67
 -5.31 9.67 6.48
 -4.98 9.34 7.15
 -4.69 8.97 7.67
 -4.69 8.97 7.67
 -4.70 10.79 1.18
 -4.56 11.01 1.09
 -4.61 11.32 0.98
 -4.72 11.63 0.72
 -4.86 11.87 0.19
 -5.08 12.01 -0.67
 -5.38 12.06 -1.91
 -5.81 12.00 -3.54
 -6.30 11.85 -5.48
 -6.79 11.66 -7.68
 -7.23 11.44 -10.08
 -7.68 11.24 -12.72
 -8.18 11.09 -15.60
 -8.73 11.02 -18.70
 -9.33 11.08 -22.00
 -9.92 11.25 -25.44
 -9.92 11.25 -25.44
 -10.60 17.18 -51.34
 -10.63 17.19 -51.15
 -10.60 17.21 -50.99
 -10.54 17.22 -50.88
 -10.51 17.18 -50.85
 -10.52 17.08 -50.87
 -10.56 16.91 -50.89
 -10.63 16.70 -50.88
 -10.74 16.45 -50.82
 -10.90 16.18 -50.70
 -11.11 15.87 -50.51
 -11.37 15.53 -50.27
 -11.66 15.11 -49.95
 -12.03 14.61 -49.56
 -12.52 14.00 -49.07
 -12.52 14.00 -49.07
 -20.91 -45.55 9.57
 -20.75 -45.77 9.75
 -20.61 -45.97 9.92
 -20.48 -46.12 10.09
 -20.36 -46.23 10.21
 -20.26 -46.30 10.29
 -20.20 -46.33 10.33
 -20.17 -46.31 10.31
 -20.15 -46.27 10.27
 -20.12 -46.23 10.22
 -20.07 -46.19 10.16
 -19.99 -46.12 10.08
 -19.93 -46.06 10.01
 -19.88 -46.02 10.00
 -19.82 -45.99 10.03
 -19.82 -45.99 10.03
 -18.77 -44.35 10.02
 -18.72 -44.28 10.02
 -18.67 -44.22 10.03
 -18.61 -44.19 10.06
 -18.55 -44.19 10.10
 -18.49 -44.22 10.13
 -18.44 -44.25 10.14
 -18.42 -44.27 10.12
 -18.42 -44.26 10.09
 -18.43 -44.24 10.06
 -18.44 -44.19 10.03
 -18.44 -44.12 10.00
 -18.43 -44.04 9.95
 -18.41 -43.95 9.93
 -18.38 -43.88 9.94
 -18.38 -43.88 9.94
 -18.28 -43.06 9.73
 -18.26 -43.01 9.73
 -18.24 -42.97 9.72
 -18.23 -42.94 9.72
 -18.21 -42.92 9.71
 -18.20 -42.90 9.72
 -18.20 -42.89 9.73
 -18.20 -42.88 9.75
 -18.19 -42.87 9.75
 -18.18 -42.84 9.73
 -18.18 -42.81 9.71
 -18.18 -42.78 9.69
 -18.19 -42.75 9.68
 -18.19 -42.72 9.70
 -18.19 -42.71 9.72
 -18.17 -42.69 9.75
 -18.17 -42.69 9.75
 -17.92 -42.24 9.79
 -17.93 -42.24 9.79
 -17.93 -42.24 9.78
 -17.92 -42.22 9.76
 -17.91 -42.21 9.74
 -17.91 -42.20 9.72
 -17.91 -42.20 9.70
 -17.91 -42.20 9.68
 -17.94 -42.21 9.67
 -17.98 -42.25 9.65
 -18.01 -42.30 9.63
 -18.02 -42.38 9.62
 -18.05 -42.47 9.63
 -18.07 -42.57 9.64
 -18.09 -42.65 9.66
 -18.09 -42.65 9.66
 -18.05 -42.41 9.41
 -18.04 -42.42 9.43
 -18.04 -42.42 9.45
 -18.03 -42.41 9.45
 -18.02 -42.39 9.45
 -18.00 -42.37 9.45
 -17.97 -42.35 9.45
 -17.94 -42.33 9.45
 -17.92 -42.32 9.45
 -17.90 -42.29 9.44
