 8.52 -34.75 -14.31
 8.55 -34.80 -14.34
 8.61 -34.85 -14.37
 8.68 -34.91 -14.40
 8.75 -34.96 -14.44
 8.82 -35.00 -14.48
 8.89 -35.03 -14.52
 8.96 -35.05 -14.56
 9.01 -35.07 -14.60
 9.02 -35.10 -14.61
 9.00 -35.12 -14.62
 8.97 -35.15 -14.62
 8.97 -35.18 -14.63
 8.99 -35.22 -14.65
 9.04 -35.26 -14.68
 9.04 -35.26 -14.68
 8.41 -34.75 -14.92
 8.41 -34.81 -15.00
 8.36 -34.89 -15.10
 8.24 -34.98 -15.21
 8.09 -35.10 -15.33
 7.96 -35.25 -15.47
 7.90 -35.41 -15.61
 7.92 -35.59 -15.75
 8.00 -35.79 -15.89
 8.07 -35.99 -16.02
 8.08 -36.19 -16.13
 8.00 -36.35 -16.20
 7.84 -36.45 -16.21
 7.64 -36.49 -16.15
 7.43 -36.47 -16.03
 7.15 -36.22 -15.76
 7.15 -36.22 -15.76
 11.34 1.98 20.32
 10.78 4.01 21.98
 10.50 6.15 23.67
 10.41 8.17 25.39
 10.46 9.95 27.04
 10.45 11.45 28.56
 10.09 12.69 29.89
 9.36 13.70 31.03
 9.36 13.70 31.03
 3.56 24.47 42.12
 3.60 24.51 42.36
 3.59 24.56 42.55
 3.49 24.67 42.69
 3.33 24.82 42.82
 3.14 24.99 42.93
 2.96 25.18 43.04
 2.80 25.37 43.13
 2.66 25.56 43.22
 2.56 25.75 43.29
 2.50 25.93 43.34
 2.51 26.08 43.40
 2.58 26.21 43.45
 2.66 26.31 43.47
 2.68 26.38 43.44
 2.61 26.43 43.36
 2.53 26.48 43.27
 2.53 26.48 43.27
 8.36 29.07 16.70
 8.71 29.33 14.85
 8.99 29.54 13.00
 9.30 29.74 11.15
 9.70 30.00 9.31
 10.17 30.33 7.46
 10.66 30.76 5.59
 11.08 31.25 3.65
 11.43 31.76 1.66
 11.70 32.23 -0.32
 11.95 32.58 -2.22
 12.27 32.83 -3.89
 12.70 33.02 -5.22
 13.20 33.17 -6.22
 13.77 33.30 -6.95
 14.40 33.43 -7.50
 15.01 33.54 -7.96
 15.01 33.54 -7.96
 17.55 24.67 -26.17
 17.58 24.69 -26.20
 17.63 24.67 -26.22
 17.70 24.64 -26.26
 17.72 24.58 -26.34
 17.69 24.49 -26.48
 17.70 24.39 -26.63
 17.79 24.30 -26.82
 17.91 24.21 -27.08
 17.95 24.11 -27.42
 17.88 24.00 -27.80
 17.72 23.85 -28.15
 17.56 23.70 -28.39
 17.48 23.56 -28.53
 17.47 23.45 -28.59
 17.47 23.40 -28.65
 17.47 23.40 -28.65
 3.77 -2.27 1.15
 3.58 -4.70 1.85
 3.56 -6.92 2.45
 3.64 -8.92 3.00
 3.75 -10.66 3.54
 3.81 -12.20 4.09
 3.91 -13.68 4.66
 4.15 -15.21 5.20
 4.59 -16.80 5.66
 5.17 -18.47 6.00
 5.76 -20.16 6.22
 6.20 -21.83 6.33
 6.37 -23.40 6.38
 6.34 -24.84 6.40
 6.27 -26.16 6.40
 6.25 -27.39 6.43
 6.25 -28.55 6.52
 6.25 -28.55 6.52
 0.53 -36.83 6.67
 0.49 -36.85 6.57
 0.45 -36.83 6.47
 0.40 -36.76 6.40
 0.33 -36.66 6.37
 0.24 -36.55 6.38
 0.14 -36.45 6.42
 0.05 -36.39 6.46
 -0.05 -36.38 6.48
 -0.13 -36.40 6.48
 -0.21 -36.44 6.49
 -0.27 -36.51 6.52
 -0.32 -36.60 6.57
 -0.36 -36.72 6.63
 -0.41 -36.83 6.67
 -0.50 -36.93 6.68
 -0.61 -37.01 6.68
 -0.61 -37.01 6.68
 -2.18 -38.11 6.70
 -2.22 -38.08 6.75
 -2.25 -38.05 6.79
 -2.26 -38.04 6.80
 -2.26 -38.05 6.78
 -2.28 -38.07 6.75
 -2.33 -38.10 6.72
 -2.41 -38.13 6.70
 -2.49 -38.17 6.67
 -2.55 -38.20 6.65
 -2.60 -38.20 6.62
 -2.66 -38.19 6.60
 -2.73 -38.18 6.59
 -2.81 -38.17 6.59
 -2.87 -38.18 6.60
 -2.91 -38.21 6.60
 -2.91 -38.21 6.60
 -3.87 -38.36 6.44
 -3.85 -38.36 6.39
