 -25.29 -14.96 -8.62
 -25.48 -15.10 -8.72
 -25.65 -15.31 -8.81
 -25.85 -15.61 -8.84
 -26.10 -16.04 -8.77
 -26.40 -16.57 -8.58
 -26.81 -17.20 -8.27
 -27.33 -17.90 -7.79
 -27.91 -18.68 -7.14
 -28.50 -19.52 -6.36
 -28.99 -20.37 -5.50
 -29.31 -21.17 -4.65
 -29.51 -21.91 -3.87
 -29.51 -21.91 -3.87
 -28.01 -28.30 8.56
 -28.10 -28.69 8.49
 -28.17 -29.11 8.47
 -28.21 -29.52 8.49
 -28.28 -29.92 8.53
 -28.45 -30.32 8.62
 -28.74 -30.76 8.77
 -29.07 -31.24 8.96
 -29.31 -31.74 9.11
 -29.46 -32.25 9.19
 -29.55 -32.79 9.29
 -29.63 -33.34 9.43
 -29.70 -33.87 9.59
 -29.76 -34.36 9.77
 -29.84 -34.84 9.97
 -29.97 -35.35 10.20
 -29.97 -35.35 10.20
 -3.35 -24.21 50.35
 -2.28 -23.56 51.04
 -1.62 -23.12 51.70
 -1.39 -22.73 52.30
 -1.51 -22.30 52.81
 -1.86 -21.77 53.24
 -2.24 -21.16 53.60
 -2.46 -20.54 53.90
 -2.44 -19.98 54.16
 -2.19 -19.56 54.38
 -1.83 -19.29 54.56
 -1.47 -19.13 54.69
 -1.19 -19.02 54.75
 -1.01 -18.89 54.73
 -0.90 -18.72 54.64
 -0.79 -18.51 54.48
 -0.79 -18.51 54.48
 -7.57 -1.52 2.26
 -7.01 -0.21 -1.19
 -6.52 1.06 -4.50
 -6.14 2.24 -7.62
 -5.75 3.28 -10.48
 -5.33 4.11 -13.07
 -4.91 4.69 -15.38
 -4.54 5.00 -17.43
 -4.31 5.05 -19.20
 -4.21 4.89 -20.70
 -4.17 4.60 -21.94
 -4.17 4.23 -22.96
 -4.15 3.85 -23.79
 -4.11 3.52 -24.48
 -4.06 3.28 -25.07
 -4.04 3.13 -25.60
 -4.04 3.13 -25.60
 -5.46 2.60 -28.16
 -5.51 0.36 -25.84
 -5.49 -2.03 -23.43
 -5.37 -4.54 -20.97
 -5.23 -7.11 -18.48
 -5.19 -9.70 -15.94
 -5.31 -12.30 -13.28
 -5.54 -14.91 -10.47
 -5.54 -14.91 -10.47
 1.01 -47.97 26.01
 0.07 -47.67 26.13
 -0.84 -47.40 26.22
 -1.71 -47.20 26.32
 -2.54 -47.06 26.45
 -3.31 -46.95 26.62
 -4.03 -46.89 26.80
 -4.68 -46.87 26.94
 -5.23 -46.89 27.06
 -5.70 -46.94 27.16
 -6.10 -46.99 27.20
 -6.43 -47.02 27.20
 -6.70 -47.01 27.15
 -6.93 -46.98 27.08
 -7.12 -46.92 27.03
 -7.30 -46.88 27.00
 -7.30 -46.88 27.00
 -8.20 -45.52 26.44
 -8.16 -45.42 26.46
 -8.13 -45.33 26.49
 -8.13 -45.24 26.54
 -8.16 -45.18 26.61
 -8.18 -45.15 26.69
 -8.18 -45.13 26.72
 -8.15 -45.13 26.71
 -8.12 -45.12 26.66
 -8.10 -45.09 26.62
 -8.09 -45.04 26.59
 -8.11 -44.98 26.58
 -8.11 -44.93 26.59
 -8.11 -44.88 26.60
 -8.10 -44.84 26.62
 -8.09 -44.82 26.65
 -8.09 -44.82 26.65
 -8.01 -43.76 26.45
 -8.06 -43.72 26.43
 -8.09 -43.69 26.39
 -8.09 -43.67 26.34
 -8.08 -43.66 26.28
 -8.04 -43.66 26.23
 -8.00 -43.66 26.18
 -7.94 -43.66 26.14
 -7.87 -43.65 26.09
 -7.80 -43.65 26.04
 -7.76 -43.65 26.00
 -7.73 -43.65 25.97
 -7.71 -43.65 25.94
 -7.69 -43.65 25.91
 -7.67 -43.65 25.88
 -7.65 -43.64 25.86
 -7.65 -43.64 25.86
 -7.51 -43.02 24.99
 -7.55 -43.03 24.98
 -7.58 -43.04 24.98
 -7.61 -43.04 24.96
 -7.62 -43.03 24.94
 -7.62 -43.02 24.91
 -7.61 -43.00 24.87
 -7.59 -42.99 24.84
 -7.57 -42.97 24.81
 -7.54 -42.96 24.79
 -7.51 -42.95 24.77
 -7.48 -42.93 24.75
 -7.45 -42.92 24.74
 -7.41 -42.89 24.73
 -7.36 -42.86 24.72
 -7.36 -42.86 24.72
 -7.23 -42.53 24.78
 -7.23 -42.54 24.78
 -7.22 -42.54 24.77
 -7.22 -42.54 24.77
 -7.23 -42.53 24.78
 -7.25 -42.53 24.78
 -7.27 -42.52 24.77
 -7.29 -42.52 24.75
 -7.30 -42.51 24.74
