 3.98 -1.05 -25.83
 3.76 -1.27 -25.81
 3.54 -1.46 -25.77
 3.36 -1.63 -25.73
 3.36 -1.63 -25.73
 7.14 0.26 -26.70
 7.14 0.22 -26.78
 7.09 0.17 -26.81
 7.03 0.15 -26.82
 7.00 0.12 -26.83
 7.02 0.08 -26.87
 7.09 0.00 -26.97
 7.19 -0.10 -27.13
 7.29 -0.22 -27.31
 7.35 -0.31 -27.47
 7.38 -0.37 -27.55
 7.34 -0.37 -27.53
 7.24 -0.31 -27.43
 7.13 -0.21 -27.25
 7.02 -0.12 -27.05
 6.94 -0.04 -26.86
 6.90 0.00 -26.71
 6.90 0.00 -26.71
 5.21 5.30 -20.93
 4.99 5.55 -20.54
 4.76 5.81 -20.16
 4.56 6.07 -19.80
 4.43 6.32 -19.49
 4.39 6.55 -19.25
 4.42 6.77 -19.04
 4.46 6.99 -18.86
 4.50 7.22 -18.65
 4.50 7.45 -18.40
 4.41 7.71 -18.10
 4.25 7.96 -17.77
 4.06 8.21 -17.43
 3.89 8.45 -17.12
 3.81 8.68 -16.87
 3.81 8.92 -16.69
 3.86 9.16 -16.55
 3.86 9.16 -16.55
 1.30 16.09 -8.88
 1.21 16.27 -8.66
 1.22 16.44 -8.47
 1.27 16.62 -8.31
 1.37 16.82 -8.13
 1.49 17.04 -7.93
 1.57 17.24 -7.73
 1.61 17.39 -7.54
 1.59 17.49 -7.38
 1.52 17.54 -7.25
 1.43 17.58 -7.13
 1.35 17.63 -7.00
 1.27 17.72 -6.84
 1.18 17.87 -6.63
 1.05 18.04 -6.36
 0.87 18.22 -6.08
 0.67 18.37 -5.78
 0.67 18.37 -5.78
 0.87 19.38 -3.35
 0.98 19.34 -3.58
 1.08 19.34 -3.81
 1.19 19.37 -4.00
 1.30 19.42 -4.17
 1.44 19.48 -4.31
 1.57 19.50 -4.45
 1.64 19.50 -4.63
 1.67 19.47 -4.83
 1.69 19.42 -5.06
 1.73 19.38 -5.29
 1.79 19.36 -5.51
 1.85 19.39 -5.71
 1.88 19.46 -5.88
 1.93 19.53 -6.03
 1.97 19.58 -6.20
 1.94 19.61 -6.39
 1.94 19.61 -6.39
 5.71 19.91 -15.92
 5.76 19.95 -16.28
 5.86 19.97 -16.64
 5.99 19.98 -17.00
 6.13 19.97 -17.36
 6.26 19.94 -17.70
 6.35 19.87 -18.04
 6.40 19.77 -18.40
 6.42 19.68 -18.74
 6.43 19.62 -19.08
 6.43 19.58 -19.40
 6.42 19.59 -19.70
 6.42 19.64 -19.97
 6.46 19.72 -20.22
 6.52 19.80 -20.48
 6.59 19.86 -20.75
 6.59 19.86 -20.75
 9.09 20.00 -30.48
 9.17 20.05 -30.72
 9.26 20.07 -31.00
 9.36 20.06 -31.30
 9.46 20.06 -31.59
 9.56 20.07 -31.84
 9.66 20.10 -32.07
 9.74 20.14 -32.27
 9.80 20.19 -32.47
 9.82 20.23 -32.68
 9.80 20.27 -32.90
 9.73 20.30 -33.13
 9.63 20.34 -33.38
 9.55 20.37 -33.63
 9.49 20.39 -33.88
 9.47 20.41 -34.11
 9.47 20.41 -34.11
 9.62 18.15 -39.26
 9.58 18.03 -39.33
 9.52 17.90 -39.37
 9.44 17.75 -39.39
 9.34 17.60 -39.38
 9.25 17.45 -39.35
 9.15 17.31 -39.30
 9.02 17.20 -39.23
 8.87 17.11 -39.16
 8.70 17.01 -39.09
 8.50 16.92 -39.04
 8.32 16.83 -38.99
 8.18 16.75 -38.96
 8.10 16.66 -38.94
 8.04 16.56 -38.94
 7.99 16.45 -38.93
 7.99 16.45 -38.93
 4.72 12.66 -34.03
 4.60 12.55 -33.87
 4.49 12.43 -33.71
 4.40 12.30 -33.55
 4.35 12.16 -33.40
 4.32 12.02 -33.26
 4.29 11.87 -33.13
 4.26 11.72 -32.98
 4.21 11.57 -32.83
 4.15 11.39 -32.66
 4.08 11.21 -32.50
 4.02 11.04 -32.34
 3.98 10.88 -32.18
 3.98 10.73 -32.03
 3.98 10.58 -31.88
 3.99 10.41 -31.73
 3.96 10.04 -31.42
 3.96 10.04 -31.42
 7.16 4.33 -26.02
 7.20 4.08 -25.91
 7.26 3.84 -25.81
 7.36 3.60 -25.74
