 -4.18 -35.25 -23.04
 -4.17 -35.39 -23.05
 -4.19 -35.48 -23.06
 -4.26 -35.56 -23.05
 -4.34 -35.65 -23.04
 -4.46 -35.75 -23.00
 -4.58 -35.86 -22.96
 -4.65 -35.98 -22.94
 -4.68 -36.10 -22.96
 -4.68 -36.25 -23.01
 -4.66 -36.43 -23.09
 -4.65 -36.62 -23.21
 -4.69 -36.80 -23.37
 -4.80 -36.96 -23.57
 -4.80 -36.96 -23.57
 -11.40 -33.95 -33.08
 -11.33 -33.98 -33.18
 -11.27 -34.06 -33.28
 -11.23 -34.19 -33.37
 -11.22 -34.37 -33.45
 -11.22 -34.57 -33.52
 -11.24 -34.75 -33.58
 -11.27 -34.90 -33.65
 -11.31 -35.02 -33.69
 -11.38 -35.11 -33.72
 -11.47 -35.19 -33.72
 -11.58 -35.27 -33.71
 -11.68 -35.36 -33.67
 -11.79 -35.47 -33.62
 -12.03 -35.74 -33.41
 -12.03 -35.74 -33.41
 -12.83 -38.70 -29.87
 -12.76 -38.66 -29.63
 -12.69 -38.63 -29.35
 -12.63 -38.59 -29.03
 -12.62 -38.50 -28.65
 -12.65 -38.33 -28.20
 -12.78 -38.10 -27.66
 -13.00 -37.78 -27.00
 -13.26 -37.35 -26.23
 -13.53 -36.79 -25.35
 -13.81 -36.08 -24.33
 -14.04 -35.21 -23.17
 -14.13 -34.16 -21.90
 -14.02 -32.95 -20.54
 -14.02 -32.95 -20.54
 5.60 -0.54 7.82
 5.70 -0.30 7.74
 5.91 -0.05 7.66
 6.22 0.21 7.58
 6.63 0.47 7.44
 7.09 0.74 7.25
 7.59 1.03 6.96
 8.14 1.36 6.58
 8.80 1.69 6.09
 9.57 2.04 5.48
 10.41 2.38 4.74
 11.20 2.70 3.84
 11.85 2.96 2.78
 12.29 3.16 1.56
 12.52 3.26 0.19
 12.55 3.25 -1.33
 12.40 3.15 -3.00
 12.06 2.96 -4.84
 12.06 2.96 -4.84
 -2.96 4.10 -78.81
 -3.03 4.07 -78.90
 -3.13 4.01 -78.99
 -3.25 3.93 -79.06
 -3.36 3.84 -79.12
 -3.47 3.74 -79.14
 -3.57 3.65 -79.14
 -3.68 3.58 -79.13
 -3.77 3.54 -79.10
 -3.83 3.52 -79.04
 -3.85 3.51 -78.97
 -3.84 3.52 -78.88
 -3.81 3.56 -78.78
 -3.77 3.60 -78.68
 -3.71 3.65 -78.59
 -3.64 3.70 -78.49
 -3.56 3.74 -78.39
 -3.56 3.74 -78.39
 -6.30 -25.99 -48.57
 -7.30 -28.44 -46.86
 -7.80 -30.50 -45.40
 -7.87 -32.15 -44.25
 -7.59 -33.40 -43.42
 -7.09 -34.26 -42.87
 -6.47 -34.76 -42.54
 -5.75 -34.95 -42.37
 -4.95 -34.89 -42.31
 -4.09 -34.63 -42.34
 -3.22 -34.23 -42.44
 -2.40 -33.73 -42.58
 -1.68 -33.17 -42.76
 -1.05 -32.61 -42.96
 -0.50 -32.12 -43.18
 -0.50 -32.12 -43.18
 -0.96 -33.74 -42.14
 -1.05 -33.82 -42.11
 -1.13 -33.90 -42.10
 -1.21 -33.97 -42.10
 -1.30 -34.04 -42.09
 -1.36 -34.13 -42.09
 -1.40 -34.24 -42.10
 -1.40 -34.35 -42.14
 -1.37 -34.48 -42.19
 -1.34 -34.63 -42.25
 -1.33 -34.80 -42.29
 -1.34 -34.98 -42.31
 -1.38 -35.16 -42.31
 -1.44 -35.35 -42.31
 -1.53 -35.53 -42.31
 -1.53 -35.53 -42.31
 -2.89 -39.15 -42.18
 -2.94 -39.24 -42.17
 -2.99 -39.34 -42.17
 -3.04 -39.46 -42.16
 -3.07 -39.57 -42.14
 -3.10 -39.69 -42.13
 -3.13 -39.79 -42.12
 -3.20 -39.87 -42.11
 -3.29 -39.94 -42.08
 -3.40 -40.00 -42.05
 -3.47 -40.05 -42.03
 -3.52 -40.11 -42.01
 -3.54 -40.16 -41.99
 -3.55 -40.21 -41.98
 -3.55 -40.25 -41.97
 -3.55 -40.25 -41.97
 -4.53 -42.65 -41.83
 -4.51 -42.70 -41.83
 -4.51 -42.75 -41.82
 -4.52 -42.81 -41.81
 -4.53 -42.88 -41.80
 -4.54 -42.95 -41.81
 -4.56 -43.01 -41.82
 -4.58 -43.08 -41.82
 -4.60 -43.14 -41.81
 -4.61 -43.20 -41.81
 -4.61 -43.25 -41.81
 -4.61 -43.30 -41.81
 -4.64 -43.35 -41.80
 -4.69 -43.39 -41.80
 -4.75 -43.44 -41.79
 -4.75 -43.44 -41.79
 -5.44 -45.10 -41.90
 -5.46 -45.15 -41.91
 -5.49 -45.20 -41.91
