 7.95 7.74 -21.68
 7.84 7.84 -21.63
 7.63 7.85 -21.54
 7.30 7.76 -21.39
 6.96 7.60 -21.24
 6.66 7.39 -21.14
 6.66 7.39 -21.14
 5.40 5.63 -21.92
 5.27 5.55 -21.89
 5.15 5.47 -21.86
 5.03 5.38 -21.85
 4.88 5.31 -21.85
 4.75 5.27 -21.84
 4.60 5.24 -21.81
 4.46 5.21 -21.78
 4.35 5.17 -21.73
 4.26 5.11 -21.70
 4.18 5.06 -21.69
 4.12 5.03 -21.68
 4.08 5.01 -21.68
 4.06 5.01 -21.69
 4.03 5.04 -21.68
 3.98 5.09 -21.66
 3.92 5.16 -21.61
 3.92 5.16 -21.61
 1.22 10.05 -17.27
 1.13 10.26 -17.06
 1.05 10.45 -16.88
 0.97 10.63 -16.72
 0.90 10.82 -16.59
 0.84 11.00 -16.47
 0.79 11.19 -16.37
 0.76 11.40 -16.26
 0.73 11.63 -16.15
 0.69 11.85 -16.03
 0.61 12.03 -15.90
 0.50 12.19 -15.77
 0.36 12.31 -15.61
 0.19 12.40 -15.43
 0.00 12.48 -15.22
 -0.17 12.58 -15.01
 -0.17 12.58 -15.01
 -2.87 18.54 -10.04
 -2.93 18.65 -9.85
 -2.97 18.78 -9.66
 -2.98 18.93 -9.47
 -2.99 19.08 -9.28
 -2.98 19.23 -9.09
 -2.96 19.35 -8.88
 -2.93 19.45 -8.66
 -2.88 19.55 -8.44
 -2.84 19.65 -8.23
 -2.83 19.78 -8.02
 -2.86 19.94 -7.82
 -2.92 20.11 -7.62
 -2.96 20.26 -7.40
 -2.97 20.40 -7.18
 -2.96 20.50 -6.95
 -2.96 20.50 -6.95
 -3.55 23.62 -2.33
 -3.43 23.69 -2.38
 -3.29 23.73 -2.46
 -3.16 23.72 -2.57
 -3.02 23.69 -2.69
 -2.91 23.64 -2.83
 -2.81 23.61 -2.97
 -2.73 23.59 -3.13
 -2.65 23.60 -3.31
 -2.57 23.63 -3.50
 -2.48 23.66 -3.72
 -2.36 23.68 -3.94
 -2.20 23.69 -4.17
 -1.99 23.68 -4.37
 -1.76 23.68 -4.56
 -1.56 23.70 -4.75
 -1.56 23.70 -4.75
 2.14 24.98 -15.48
 2.20 24.97 -15.82
 2.28 24.98 -16.14
 2.40 24.99 -16.46
 2.53 25.00 -16.77
 2.68 25.01 -17.07
 2.82 25.01 -17.39
 2.93 24.98 -17.70
 3.03 24.93 -18.02
 3.11 24.88 -18.32
 3.17 24.83 -18.60
 3.21 24.79 -18.85
 3.23 24.79 -19.06
 3.23 24.80 -19.22
 3.22 24.83 -19.36
 3.24 24.85 -19.48
 3.24 24.85 -19.48
 5.99 24.63 -27.57
 6.00 24.67 -27.86
 6.01 24.71 -28.16
 6.03 24.76 -28.45
 6.03 24.81 -28.73
 6.02 24.86 -29.00
 5.97 24.91 -29.25
 5.88 24.93 -29.49
 5.77 24.93 -29.73
 5.67 24.92 -29.96
 5.60 24.91 -30.20
 5.59 24.92 -30.43
 5.63 24.95 -30.66
 5.71 25.00 -30.91
 5.78 25.04 -31.17
 5.81 25.09 -31.44
 5.81 25.09 -31.44
 5.10 25.30 -37.78
 5.00 25.27 -37.84
 4.96 25.24 -37.91
 4.96 25.20 -37.96
 4.95 25.16 -38.01
 4.91 25.11 -38.03
 4.83 25.04 -38.04
 4.71 24.96 -38.02
 4.71 24.96 -38.02
 3.09 23.35 -37.25
 3.10 23.26 -37.12
 3.10 23.16 -36.99
 3.08 23.05 -36.86
 3.03 22.93 -36.74
 2.95 22.79 -36.62
 2.88 22.65 -36.50
 2.84 22.49 -36.38
 2.82 22.34 -36.27
 2.82 22.19 -36.16
 2.83 22.04 -36.07
 2.83 21.89 -35.97
 2.80 21.74 -35.86
 2.74 21.59 -35.73
 2.67 21.45 -35.58
 2.61 21.32 -35.40
 2.61 21.32 -35.40
 2.19 16.53 -29.52
 2.16 16.37 -29.34
 2.11 16.20 -29.16
 2.06 16.03 -28.97
 2.02 15.87 -28.79
 2.01 15.70 -28.61
 2.03 15.52 -28.43
 2.09 15.34 -28.25
 2.15 15.15 -28.08
 2.22 14.94 -27.91
 2.28 14.71 -27.75
 2.30 14.48 -27.60
 2.30 14.26 -27.46
 2.30 14.04 -27.32
