 -0.29 3.23 -13.87
 -0.26 3.22 -13.85
 -0.26 3.22 -13.85
 -0.72 5.92 -13.03
 -0.63 5.88 -13.02
 -0.58 5.90 -13.02
 -0.58 5.99 -13.00
 -0.65 6.12 -12.95
 -0.80 6.27 -12.87
 -1.02 6.42 -12.74
 -1.25 6.53 -12.57
 -1.46 6.62 -12.39
 -1.63 6.68 -12.20
 -1.74 6.72 -12.01
 -1.81 6.74 -11.84
 -1.84 6.75 -11.69
 -1.89 6.78 -11.54
 -1.94 6.84 -11.40
 -2.01 6.91 -11.23
 -2.01 6.91 -11.23
 -4.61 9.88 -2.21
 -4.82 9.90 -1.84
 -4.98 9.85 -1.49
 -5.09 9.77 -1.14
 -5.13 9.70 -0.78
 -5.09 9.64 -0.37
 -5.00 9.60 0.08
 -4.96 9.58 0.56
 -5.02 9.57 1.05
 -5.18 9.57 1.52
 -5.39 9.59 1.94
 -5.61 9.65 2.31
 -5.83 9.71 2.62
 -6.00 9.72 2.91
 -6.08 9.64 3.17
 -6.04 9.47 3.40
 -5.92 9.25 3.57
 -5.76 9.00 3.70
 -5.76 9.00 3.70
 -9.85 9.35 6.49
 -9.77 9.29 6.60
 -9.69 9.17 6.69
 -9.60 9.03 6.75
 -9.47 8.92 6.76
 -9.28 8.87 6.71
 -9.06 8.89 6.61
 -8.87 8.97 6.49
 -8.75 9.09 6.38
 -8.67 9.24 6.27
 -8.62 9.39 6.19
 -8.61 9.52 6.13
 -8.64 9.62 6.07
 -8.67 9.70 6.03
 -8.69 9.76 5.97
 -8.67 9.81 5.89
 -8.64 9.83 5.78
 -8.65 9.80 5.66
 -8.65 9.80 5.66
 -5.19 12.26 -1.97
 -5.23 12.62 -2.02
 -5.29 13.02 -2.09
 -5.38 13.42 -2.18
 -5.47 13.80 -2.31
 -5.51 14.10 -2.48
 -5.44 14.34 -2.69
 -5.28 14.51 -2.96
 -5.28 14.51 -2.96
 -3.32 15.58 -8.08
 -3.32 15.62 -8.16
 -3.31 15.69 -8.24
 -3.27 15.79 -8.32
 -3.22 15.92 -8.37
 -3.16 16.03 -8.38
 -3.12 16.13 -8.36
 -3.13 16.23 -8.36
 -3.23 16.32 -8.43
 -3.45 16.44 -8.64
 -3.79 16.59 -9.00
 -4.16 16.76 -9.46
 -4.47 16.92 -9.96
 -4.66 17.04 -10.44
 -4.71 17.11 -10.86
 -4.62 17.11 -11.21
 -4.62 17.11 -11.21
 -3.59 18.12 -17.57
 -3.58 18.10 -17.61
 -3.53 18.08 -17.66
 -3.42 18.05 -17.73
 -3.26 18.00 -17.78
 -3.07 17.93 -17.83
 -2.82 17.85 -17.85
 -2.54 17.77 -17.88
 -2.24 17.69 -17.95
 -1.95 17.63 -18.07
 -1.71 17.59 -18.25
 -1.53 17.57 -18.46
 -1.41 17.59 -18.70
 -1.29 17.62 -18.94
 -1.14 17.65 -19.17
 -1.14 17.65 -19.17
 -2.10 14.90 -20.10
 -2.21 15.04 -20.01
 -2.34 15.15 -19.95
 -2.48 15.25 -19.90
 -2.60 15.36 -19.85
 -2.66 15.45 -19.80
 -2.63 15.53 -19.74
 -2.57 15.57 -19.68
 -2.57 15.57 -19.68
 -3.89 14.25 -16.68
 -4.14 14.30 -16.47
 -4.34 14.38 -16.25
 -4.46 14.48 -16.02
 -4.52 14.58 -15.76
 -4.57 14.64 -15.48
 -4.64 14.65 -15.20
 -4.73 14.61 -14.91
 -4.84 14.53 -14.63
 -4.96 14.43 -14.39
 -5.06 14.31 -14.18
 -5.11 14.20 -13.97
 -5.11 14.07 -13.76
 -5.09 13.94 -13.52
 -5.02 13.81 -13.27
 -4.91 13.68 -12.99
 -4.91 13.68 -12.99
 -3.16 10.74 -8.70
 -3.01 10.74 -8.74
 -2.86 10.76 -8.77
 -2.71 10.78 -8.79
 -2.58 10.76 -8.79
 -2.50 10.72 -8.77
 -2.49 10.68 -8.74
 -2.54 10.65 -8.69
 -2.59 10.63 -8.62
 -2.65 10.64 -8.55
 -2.73 10.65 -8.49
 -2.81 10.67 -8.44
 -2.91 10.73 -8.38
 -3.03 10.86 -8.30
 -3.17 11.07 -8.23
 -3.37 11.33 -8.17
 -3.37 11.33 -8.17
 -2.64 13.65 -7.19
 -2.60 13.61 -7.17
 -2.61 13.57 -7.14
 -2.64 13.55 -7.11
 -2.68 13.53 -7.10
 -2.71 13.48 -7.09
 -2.73 13.42 -7.09
